2.677641945555226
2.4080864953247905
2.191561150127412
2.3155356721796942
2.0399243237902063
1.8660161213278688
1.8828768832011775
1.0913116353271854
1.7410663849294628
1.8144108992701755
1.3637476124392856
1.9701747185668632
1.6834263571328898
1.6482028472897894
1.7837641156554684
1.7187211747584654
1.522686729874362
1.9563181190608419
1.906886638794074
1.6213763871987315
1.9075778741592482
1.5968392964890725
1.4776969849661072
1.5653547966442158
1.4384053826816396
1.451907578655343
1.4008894860329615
0.8965568413012801
1.193868867621693
0.8869155780176633
0.22758652447670544
0.4770001991198188
1.068245908658034
0.44489199266744917
0.3635934919696086
1.128090896736282
0.22795306857312572
0.36841913924895536
0.8899727227009733
0.48813631651429695
2.3930778595313327
1.822513286955024
1.4970592721011857
0.47174633041265884
0.1883927597592516
2.588072855021867
1.445359174977711
1.435059372737524
2.2887507164321326
2.100576092123456
