0.3459486659991791
0.3747949891659865
0.4010968618704943
0.38389708566232494
0.4201135927688978
0.44573116687723296
0.44197848922332017
0.5989847552946209
0.46265284645097765
0.4493214488336191
0.5336392892662893
0.4230721173337315
0.4686099910675412
0.4742343926060298
0.4498312464313491
0.45967500258752453
0.49539175572019617
0.4198836402390945
0.4269006389691597
0.4748997138525254
0.42531389873268793
0.4780303537334429
0.5008222676246925
0.48275921838368163
0.507723289900963
0.5045751368896602
0.5149041503828818
0.639033143910873
0.5610063684285465
0.6414547951190221
0.9030732998032179
0.7661259436260245
0.591710465771267
0.7768564145233061
0.9013748302573414
0.7108319216406337
0.9123508041266722
0.8029476580482389
0.7884517560438074
0.7662685083390846
0.3871222825898243
0.5104654447794753
0.6013840825774652
0.7733061427979723
0.9236278417627799
0.3538820892250108
0.6196025949722148
0.6238952440539088
0.4065302412810009
0.4458277669490407
