0.7905442401092861
0.8331358111183542
0.8658739996733676
0.8209062886606326
0.8705723400772339
0.8970016109900382
0.8801622457064578
1.0104386107306758
0.8779991262796154
0.8473274400196121
0.944544355971629
0.78092169728742
0.8374073774588804
0.8367909510062815
0.7872035854859938
0.7853265493472006
0.8344470946117573
0.6945673104113733
0.6986884865142802
0.7763337057303594
0.6700558781569416
0.75733425893692
0.7880039876884775
0.7424845220941899
0.7776272656692624
0.7652887815290288
0.7754977691934598
0.9304977499514289
0.8283790303833194
0.9210945698345793
1.016397809336813
0.9939608416575395
0.8450914500386887
0.994829607486768
1.0067272557333415
0.9222798251485711
1.0096675806257644
0.9970088713919513
0.9510670657502355
0.977727462274141
0.6293465684399493
0.7449609020406884
0.8167954030493041
0.9750095753591848
1.004512812473951
0.5722356802260056
0.812279757187678
0.8084335854630754
0.6126659735649757
0.6468420351665286
