0.3906646981441074
0.3749430909877934
0.35799681978101233
0.3747536778262361
0.35029639364620113
0.3319150101945438
0.33989047600584676
0.1997923563234273
0.33451453555291805
0.34947999069025304
0.2762394070690368
0.37264722499050706
0.34785594170084894
0.34670926150043446
0.36583296454106035
0.3642966792070964
0.3427217107422692
0.3819434875702367
0.38077542842188894
0.36346908185541804
0.38133942384380576
0.36678247414866016
0.3561244350156549
0.3686205351282808
0.35771334595078313
0.36107715098395926
0.3570483447243506
0.25199397847907673
0.3318778463828976
0.2589462078878364
0.04952697199134338
0.13485770765781122
0.31878668704846347
0.12800809975249378
0.08272846104179342
0.25065553575972827
0.054883400293943466
0.11025858351368105
0.20879837568669432
0.15746506442890218
0.373657012298864
0.3582011278945924
0.3288977510661682
0.158442035757605
0.0509665182931712
0.3686406012446118
0.32941801394004866
0.33072689799903243
0.37146602574458415
0.37131899164745735
