1.7119001549608936
1.520679055887685
1.3720371803981686
1.539380806943386
1.3232760224819125
1.20066479037637
1.257145149635633
0.6143375926896724
1.231175845736903
1.3456414817088993
0.9187751777277275
1.5976644516893967
1.348466358510917
1.3425964778128168
1.537584223784749
1.5303815905328464
1.322549751705945
1.9035090741550147
1.8780040534957418
1.5411494627697904
1.9896338550670845
1.6029146295216963
1.4706313358164111
1.6499208039061224
1.4990448833772965
1.5452474251183894
1.4982829880546127
0.8280627196078243
1.2685817771725683
0.8597073028665013
0.14515377707807747
0.40563993217674843
1.1811371398922785
0.38405404602375764
0.24440515389318446
0.8262588435968037
0.1612539944660885
0.32882344366629424
0.660120658593629
0.48028503474488554
2.084634248381543
1.5651778076623175
1.2652526764874625
0.48391927021425146
0.14988184885114686
2.3649786030304583
1.2734798441864787
1.2855530400267356
2.1444858667094575
1.9766542756840206
