3.4641799312189527
3.378998597733661
3.318496856532527
3.3720479873428886
3.288665040108001
3.2448012839050704
3.2554360189346463
3.106977839893427
3.2314629170503246
3.262558607800722
3.1415644774848217
3.3480749396184035
3.246216440492086
3.2403881529575527
3.3085914372656298
3.2990948374646285
3.220098882560857
3.461546592639222
3.4459676540651376
3.2917415352328363
3.4960084811839742
3.3097060210023543
3.2540967232198548
3.3233109467305773
3.258749462304293
3.2750909768373977
3.254223502293192
3.0576544013638656
3.16642570147253
3.0580549326309123
2.978861317524281
2.9897453797699325
3.1311498842307968
2.9847200028611978
2.974179946870669
3.040195619419291
2.9665241145196397
2.973372956639392
3.006819453192529
2.982171759129405
3.51112749791503
3.2551440535756884
3.142169767049795
2.9779087342802986
2.9540616579342704
3.6711234059839257
3.140149763660008
3.1424243378438774
3.5369412820198853
3.443354913874161
