0.1423130650992441
0.1500604327622561
0.1552513978035496
0.1472595768831814
0.15568750256672453
0.15971296226039636
0.15700890065306355
0.17646427974330517
0.15639771008262032
0.1505827116905809
0.16734235144915827
0.13470966870378331
0.1475402337760813
0.14710957386851142
0.1342248463199539
0.13249740167330065
0.14521692824572477
0.09612607267632028
0.09685246077062487
0.126934608225369
0.07652029267588487
0.11756796109871798
0.12780932611331342
0.10829976882255668
0.12155056257712427
0.11576901835824895
0.11890811595552589
0.16636133316116533
0.13581981512855354
0.1635724314113212
0.2030992764691361
0.1857977112553871
0.1383639958267156
0.18683605670205747
0.20768631992202738
0.21810849685843467
0.20688211825450345
0.18956315115416947
0.21838063319349615
0.1819358310979995
0.22611250914912817
0.22804748890512885
0.2277408931025725
0.18118401880316565
0.21011752326638963
0.2280763861998395
0.23110957911377203
0.23246821946100762
0.23255400974375487
0.23417120595678795
