0.831288206005688
0.809887815187569
0.7945072688579277
0.8142287605775976
0.7912518917802112
0.7794084690193831
0.78645270714861
0.725921849051579
0.7878013712490396
0.8020411792555754
0.7573934029635535
0.8372199205965982
0.8094974297795409
0.8106986717888386
0.8379292574100236
0.8415134069974531
0.816371705187326
0.9043250026882648
0.9027574963947963
0.8525707034133385
0.9322080535991631
0.8693092665691393
0.8521003139991008
0.8845973262066231
0.8637555255075247
0.8732465038516734
0.8684349611825569
0.7809587121591842
0.8419012235777416
0.7902413632376304
0.6816217497202379
0.7418555506306563
0.8406478469177332
0.7423290927152351
0.676751439873375
0.6240457522530384
0.6882030141841472
0.7431988984983273
0.6414524886426772
0.7657929027397822
0.5221282635457343
0.5651579612022134
0.5908390669022171
0.7724822652548019
0.7001669705308065
0.4989115988198346
0.5922350269331056
0.5920165856454128
0.5174084091424377
0.5319036513223092
