365.,0.35888804750701186
367.5,0.3365133242651639
370.,0.41020411586962224
372.5,0.385919530444879
375.,0.36641601092121284
377.5,0.3802105664646599
380.,0.37398893953645757
382.5,0.39232886477043866
385.,0.3596957595387613
387.5,0.37913526660507646
390.,0.4168476037224319
392.5,0.3758419652414371
395.,0.3537049936912045
397.5,0.37850940671068695
400.,0.3567942450936833
402.5,0.3194060133398042
405.,0.36602017326475766
407.5,0.41941720340744715
410.,0.3393831028241851
412.5,0.3995077093897524
415.,0.37665823906948265
417.5,0.397971443205904
420.,0.39058339458203994
422.5,0.37194906339941747
425.,0.38626329619480354
427.5,0.3711880510805327
430.,0.3675660182593434
432.5,0.3840416570240078
435.,0.41015259409370836
437.5,0.41560613593154433
440.,0.40337814702495844
442.5,0.4090478354590548
445.,0.4012378431613528
447.5,0.44637723325587014
450.,0.44254569924020154
452.5,0.3978635264178376
455.,0.438143954388027
457.5,0.44432054017415035
460.,0.4325868353206016
462.5,0.44321830102025156
465.,0.4541635457086451
467.5,0.4728765470856297
470.,0.4813478372103236
472.5,0.4827374497734052
475.,0.45086463987472036
477.5,0.4533531649778182
480.,0.4620962452028655
482.5,0.45539599025069627
485.,0.4621989137504718
487.5,0.47151731546900694
490.,0.48638447597717094
492.5,0.4581970073464038
495.,0.45659314133297935
497.5,0.5135376268443433
500.,0.493903804614426
502.5,0.48145027885766045
505.,0.4722811767322427
507.5,0.5019557353827891
510.,0.5331328892160799
512.5,0.5057784878239517
515.,0.5113734852618363
517.5,0.5287840490782122
520.,0.5368451650401125
522.5,0.5214295428308399
525.,0.5190209875107012
527.5,0.5085678258290126
530.,0.5233211796563225
532.5,0.5415452393768186
535.,1.1563478120522037
537.5,0.5188183789464125
540.,0.5339698725483135
542.5,1.203212835052048
545.,1.179072437212111
547.5,0.5513293003011599
550.,1.1916798387309664
552.5,0.5512634389283072
555.,0.5164931280870249
557.5,0.5580436005748635
560.,1.1640298384239967
562.5,1.1719311767177176
565.,1.1828602344429386
567.5,0.5529969993838273
570.,0.5657068264942102
572.5,1.1765261484012681
575.,1.2348573027292717
577.5,1.3042736641854737
580.,0.5753263475098586
582.5,0.529029893445416
585.,0.5644630296705979
587.5,0.5767753718128722
590.,0.5809258385620496
592.5,0.5238637419710661
595.,0.5751877717403706
597.5,0.5646149614068475
600.,0.5659695218267439
602.5,0.5791525069239327
605.,0.5827735136237112
607.5,1.1935471552803505
610.,0.593008939676826
612.5,1.268695008973037
615.,1.2143153690556805
617.5,0.5849098595903287
620.,0.5664857799981564
622.5,0.5872177790774797
625.,0.5991135898435446
627.5,0.5837367124584234
630.,1.1788677452148693
632.5,0.5647205732062646
635.,0.6076528541680618
637.5,0.6023212093651519
640.,0.6003586402254684
642.5,1.2415059224862859
645.,1.34619868453183
647.5,1.2653547871177142
650.,1.3512495849150026
652.5,1.5148757192832307
655.,1.2587255871554281
657.5,0.5893427671672501
660.,0.6142472700046181
662.5,1.4510957099071493
665.,1.4431278208325842
667.5,1.2529231818650324
670.,1.4810086039943544
672.5,1.3355659013937762
675.,1.3439490838798958
677.5,1.604520614362247
680.,1.4860902578252302
682.5,1.537471540168443
685.,1.4535214335431685
687.5,0.6359412491132069
690.,1.1925101321100047
692.5,0.6404277883418555
695.,1.3226386135993942
697.5,1.3997855017748237
700.,1.2821693748585679
702.5,1.322143554738095
705.,1.8772401023200214
707.5,1.4903440790536824
710.,1.6245095821440183
712.5,1.2548691173384678
715.,0.6508984824547414
717.5,1.357029301319783
720.,1.4623297539695284
722.5,1.3738268649365584
725.,1.4643571598390486
727.5,0.6409696181555676
730.,1.1897912624457685
732.5,1.199373347049557
735.,0.6515682662299151
737.5,1.6689510095326732
740.,1.4893106887466538
742.5,1.425068969244269
745.,0.6676382051075898
747.5,1.393569338812054
750.,1.2258408372652947
752.5,0.6650247517529764
755.,0.6768601883681874
757.5,1.3327445278714756
760.,1.622586600794854
762.5,1.1941164081788662
765.,0.6705424044794634
767.5,0.5815476769001511
770.,0.488809553006615
772.5,0.44845439855978847
775.,0.6336331462538236
777.5,1.2924248964790288
780.,0.5161468482296154
782.5,0.44047834306694456
785.,0.5635247923499302
787.5,0.4342492313194521
790.,0.6293388903127415
792.5,0.6965089483645318
795.,0.6365244713283804
797.5,0.4399259588845101
800.,0.5625480512176804
802.5,0.661812455460881
805.,1.9904135689924314
807.5,0.7085083492890353
810.,0.5809022123077274
812.5,1.5797444378780923
815.,0.7140413415527858
817.5,0.6752198250823207
820.,0.5114696901453927
822.5,0.4671205177971674
825.,1.2230794515018084
827.5,0.5872672815057235
830.,0.4957044905337553
832.5,0.5150267584499185
835.,0.5660249563864227
837.5,0.3285860880883677
840.,0.49454066637260774
842.5,0.45925513798097933
845.,0.4874953562598718
847.5,0.6700425477478181
850.,0.20435082842425334
852.5,0.41610315199704906
855.,0.29590927139866535
857.5,0.4414076801346916
860.,0.7250873934609607
862.5,0.7040920043077847
865.,0.1619130340194824
867.5,0.0782935136121318
870.,0.6396010069966198
872.5,0.40025192730710707
875.,0.37428077781595803
877.5,0.5275879796840918
880.,0.3966475662072037
882.5,0.513908432226262
885.,0.6265522568013154
887.5,0.5333071758762978
890.,0.7503079494155398
892.5,0.4601512652562788
895.,0.6343110277722476
897.5,2.144081772892723
900.,2.0461056512608455
902.5,1.976139356671384
905.,0.4198754956288844
907.5,0.7608682402980562
910.,0.22154955483303487
912.5,0.38282157407912715
915.,0.287598274589993
917.5,0.49960919343801025
920.,0.424951070074307
922.5,1.3126544339356097
925.,0.7038678789590391
927.5,0.6935738994617068
930.,0.15633104628878444
932.5,1.3000590065118909
935.,0.355909066298167
937.5,0.04220369861861863
940.,0.2587484005897495
942.5,0.06732716001322447
945.,0.03869807984372851
