365.,0.9427961712666492
367.,0.7332534927825024
369.,0.9117782200844131
371.,0.8768467386917527
373.,0.7774775878897305
375.,0.8366687802222075
377.,0.8328984442388925
379.,0.8285008091275536
381.,0.8871027855886069
383.,0.851395336914924
385.,0.8538626168555215
387.,0.8301426901834207
389.,0.8340993815436172
391.,0.7940118770503081
393.,0.8552631033401099
395.,0.8682823616327795
397.,0.8318685667960454
399.,0.8236017282853402
401.,0.8828049718024018
403.,0.9071892838670883
405.,0.8653899579189344
407.,0.8619874179109209
409.,0.8157379031108051
411.,0.8760475623867264
413.,0.9029047811988469
415.,0.9020135354198767
417.,0.8213408279283109
419.,0.8630751800503704
421.,0.8417674485734602
423.,0.8617836229261564
425.,0.9045822499432141
427.,0.8485325878682667
429.,0.8906433431421934
431.,0.8652521238472887
433.,0.8393309474575582
435.,0.8160502310528056
437.,0.8633268295671488
439.,0.8904537155253958
441.,0.9472565763760077
443.,1.082254288935987
445.,0.8040195751515805
447.,0.791090494796249
449.,0.45973540398911283
451.,0.7943437594993834
453.,0.9408752731335154
455.,1.0165079100126158
457.,0.8168339919856951
459.,1.0434136730191512
461.,1.1175480971747949
463.,1.0925975250612645
465.,1.0728952236178282
467.,1.0401253146396578
469.,1.0031506249626236
471.,0.8218555355920126
473.,1.0172397557549624
475.,0.900107307780976
477.,0.9593157241160463
479.,1.001569031351732
481.,1.0302154162458967
483.,1.0417611631011332
485.,0.9840277057126591
487.,1.0689591435091494
489.,1.0214360699334244
491.,1.0372232509250479
493.,1.07360494862566
495.,1.0682188465972597
497.,1.027127353461192
499.,0.9628244479946706
501.,1.0282058078906406
503.,0.9981167684269073
505.,0.9960426938125952
507.,1.0525319879394393
509.,1.0615843286838536
511.,1.0455135708419498
513.,0.9742314922304246
515.,1.0155123897920213
517.,1.0791623308639702
519.,1.010698786786638
521.,1.0601702902996406
523.,1.0630269918936668
525.,1.0589246708468394
527.,1.044897864997057
529.,0.9432238980589726
531.,1.102906652966026
533.,1.0878186143775435
535.,1.0162958914573956
537.,1.0949909202648107
539.,1.0055993775331449
541.,0.9414095726618492
543.,1.0306193874925866
545.,1.0019705387867857
547.,1.029336188664399
549.,1.0580197753868053
551.,0.9990620582235954
553.,1.098834644426298
555.,0.5657627071742338
557.,1.0950675359232813
559.,1.043639621230958
561.,1.0696066219778704
563.,1.087663788115354
565.,0.5713082238844305
567.,0.570760128055578
569.,1.0870425402118555
571.,1.1237967831887323
573.,1.0545107578545962
575.,1.120624911484585
577.,1.1316688983580436
579.,0.9785938061583633
581.,0.5792849805054332
583.,0.5821188042304404
585.,0.5825907903666806
587.,1.0477675571610532
589.,1.0419344126847845
591.,1.0317992984027444
593.,0.5880233414016838
595.,0.5235102016084116
597.,0.5615924536371638
599.,0.5589760293430067
601.,1.1286946582349027
603.,0.5406455107860862
605.,0.5065550370763275
607.,0.5423097483032238
609.,0.5887575060601878
611.,0.5922657898755965
613.,0.5998849629989326
615.,0.5498658924389952
617.,1.139678616420813
619.,0.9885975758303471
621.,0.5637297316347645
623.,1.1471555510209686
625.,1.0633902614816917
627.,0.9954288959799614
629.,1.0315931703640793
631.,1.1096162811934127
633.,0.6118274260884077
635.,1.089793600777003
637.,1.0975617987766346
639.,0.6154373766007046
641.,0.6083748871286709
643.,0.6169979848956839
645.,0.9848492726912862
647.,1.0014398210366033
649.,0.6209084322292948
651.,1.124347587744817
653.,0.9957256729898281
655.,0.6244708240592035
657.,0.6251225498416987
659.,1.0402814233686442
661.,0.6036846162028262
663.,0.6156678926781084
665.,0.5446555443775375
667.,0.6032401815341223
669.,1.0052942188496914
671.,1.1442928538601067
673.,1.0278052950705463
675.,0.9299077428554288
677.,0.9902605598003115
679.,0.5789661566311458
681.,1.1559325396758022
683.,0.6325046781626644
685.,1.121410068337064
687.,1.0903759130976376
689.,1.019064378378326
691.,1.1270424078203027
693.,1.022198907306106
695.,0.7753460978658997
697.,0.7473032092354386
699.,0.8899204252321902
701.,0.9052271193221081
703.,0.8456617116901255
705.,0.8690807116351956
707.,0.8441701675405052
709.,0.9905067374042344
711.,0.8480654869013656
713.,0.8220672238968016
715.,0.7535597238086646
717.,0.7156795355675862
719.,0.6182747697689036
721.,0.7819226079802271
723.,1.0077884069210432
725.,0.8900488060224376
727.,0.8904115876571634
729.,0.9576554027239677
731.,0.8089287151980945
733.,0.7282259457366664
735.,0.7385267980228455
737.,0.6937595064956217
739.,0.7004277006938621
741.,0.6060029650574762
743.,0.6822110402802644
745.,0.726392813808858
747.,0.6537836953369447
749.,0.7671847472978707
751.,0.7679197962891331
753.,0.7319453977171423
755.,0.6055092410774352
757.,0.6902663404007691
759.,0.7604176318152304
761.,0.5813034934404046
763.,0.5359428271552539
765.,0.6895772612798968
767.,0.6771038455503707
769.,0.5534536074082219
771.,0.6850731447725229
773.,0.618543011732518
775.,0.5263696679317769
777.,0.7861265985430057
779.,0.5701406562475888
781.,0.6215407478176226
783.,0.6485429167247999
785.,0.8178432393817158
787.,0.7417872804872517
789.,0.7072475976861659
791.,0.5985250548742255
793.,0.47611675793166797
795.,0.4249357187258983
797.,0.6197778639405256
799.,0.5160217695264482
801.,0.4269979270450837
803.,0.6814495335614619
805.,0.45050762409412615
807.,0.5096120577119347
809.,0.42589696603406296
811.,0.5119824090505989
813.,0.824150755736132
815.,0.4275133098206327
817.,0.4067242716302946
819.,0.49130460349849864
821.,0.5461351065061093
823.,0.43472171436733514
825.,0.635159630599662
827.,0.6657281755531209
829.,0.5132415662221063
831.,0.49610774064285307
833.,0.6109479839747648
835.,0.734654293893133
837.,0.49031595055431815
839.,0.6806988126173487
841.,0.9678452876795107
843.,0.5318665089184562
845.,0.7226476264078908
847.,0.666234707835374
849.,0.48754445918799766
851.,1.130195735036596
853.,0.4721841756432875
855.,0.6672753017577899
857.,0.5496990977804533
859.,0.43339039440676697
861.,0.7371499311334763
863.,1.0939354328608584
865.,0.4070564130096909
867.,0.7332848416514027
869.,0.37816692555279935
871.,0.4567882605585607
873.,0.3619338344380722
875.,0.48819094033859556
877.,0.4477298919471245
879.,0.5414426142955457
881.,0.4264443125606525
883.,0.4218713768307976
885.,0.38579084151896925
887.,0.42223282707962173
889.,0.34250493139267774
891.,0.3170367013832379
893.,0.3926506996732686
895.,0.41160638615319745
897.,0.4888028425093088
899.,0.4521451363780791
