1.475552269753223
1.5126403359116827
1.539763909208614
1.4993955684629274
1.5420269037738037
1.5641711898934076
1.5488859826372459
1.6753042733969756
1.5451023437529292
1.5165052529150913
1.6066571397585467
1.4503069779112088
1.5041676124492047
1.502863052654653
1.4523027934217558
1.4482739713802473
1.4979286563281398
1.3383720151516163
1.3422697392093237
1.4345483043037384
1.296601058585036
1.409810079671333
1.4439804795476567
1.3886026368985835
1.42970969547544
1.41434103187947
1.425675568815705
1.601312259411771
1.4849259188966544
1.5916632562111668
1.8424132644802962
1.7065881888256513
1.5032398922927959
1.7129512075081275
1.8742092916701085
2.0229808268864917
1.8575686143922028
1.730313494485725
1.990365367383854
1.691642756563285
2.4065797953837493
2.2483217299096623
2.1660144132484973
1.6929310641435573
1.8703180959102543
2.5364826075012465
2.185609372581139
2.196060995116871
2.4774352316952224
2.4231590260691886
