0.35907100147596793
0.3480375114256047
0.340340351924405
0.3554831523889786
0.34267303681734274
0.33683049101524803
0.34386953774811096
0.3043594212324758
0.35145078279543285
0.36357526650857036
0.3335881336869657
0.39218733114018106
0.3778280733745286
0.38092660217590885
0.40236080792377205
0.4096276210715919
0.39393466785475173
0.4562851640688221
0.4580310002490432
0.4269537499917573
0.48467138677300947
0.4460787315361102
0.43597172988984395
0.46432624966375396
0.45156664964143367
0.46094718937505613
0.45965799927791434
0.3905780752352222
0.4453317136185499
0.4034879730124415
0.3045837868533003
0.36384461654415917
0.4540568352846933
0.3666136955337379
0.3035626035866186
0.2501949762479937
0.3170814046168245
0.3728159372866089
0.2696712632083655
0.39822816724702664
0.13632774540998513
0.18589935788887738
0.21484494265597015
0.40916179860985297
0.33533148575407
0.10368933422425655
0.21543055878261333
0.21462899024558982
0.12353537352040678
0.14094866748945792
