365.,0.4110254857434436
367.,0.2881216081343853
369.,0.3977095564755398
371.,0.3800029700035834
373.,0.3199417792895451
375.,0.35816637503786514
377.,0.356566359768113
379.,0.3545563450261212
381.,0.38933482408250203
383.,0.3697760377455127
385.,0.3719483893029787
387.,0.35830980932959283
389.,0.3614436018665432
391.,0.33651864431023043
393.,0.37565802498573997
395.,0.3840136060550704
397.,0.36283462836958014
399.,0.3583198553668553
401.,0.39454852910297233
403.,0.40862303930846305
405.,0.3860356017229509
407.,0.38476355582302685
409.,0.35664598188813657
411.,0.3945017730285146
413.,0.4103144214487683
415.,0.4106271545601672
417.,0.36298511566933983
419.,0.3898494310189723
421.,0.3774517724346521
423.,0.3905493488337161
425.,0.416024552376594
427.,0.3838401592210252
429.,0.4098233209822927
431.,0.39562017246444564
433.,0.38013304460587605
435.,0.36552269694949996
437.,0.3966685958146361
439.,0.41363024109028174
441.,0.44480850524443466
443.,0.4934549990104061
445.,0.3605722757040432
447.,0.35214836490664075
449.,1.4751564343940122
451.,0.3556801222602425
453.,0.4468327886060683
455.,0.48069827326526315
457.,0.37329133181932034
459.,0.49157197489886023
461.,0.5088635204923021
463.,0.5058047110841453
465.,0.5025953046898392
467.,0.4945615670297474
469.,0.4823926478326094
471.,0.38133218305537364
473.,0.4897220297936887
475.,0.43347378778082823
477.,0.46658814582732433
479.,0.4865500765415754
481.,0.49830569232682426
483.,0.5031455490131397
485.,0.48187981028058635
487.,0.5130520733023206
489.,0.4991471656097999
491.,0.5057138637424481
493.,0.517379496981384
495.,0.5170525262047758
497.,0.5052127801153823
499.,0.47818271847301946
501.,0.5076071013083104
503.,0.4966016108339345
505.,0.49665152529663487
507.,0.5188389268542621
509.,0.5225793012785935
511.,0.5186720867931287
513.,0.49021013765372384
515.,0.5097066874847355
517.,0.5315315867370668
519.,0.5096924616487729
521.,0.5284703972705277
523.,0.5303684525230976
525.,0.5301981288688096
527.,0.5267125015967365
529.,0.4807514919478427
531.,0.5444044786218384
533.,0.5422700821516058
535.,0.5198826236221891
537.,0.5460793389785953
539.,0.5172024343977559
541.,0.48475873522032914
543.,0.5296625598401452
545.,0.518436611558284
547.,0.5311736765539322
549.,0.5425463590472991
551.,0.5199356792554237
553.,0.5557402910334591
555.,1.1834279460682176
557.,0.5571158368010583
559.,0.5427691044541715
561.,0.5525456813934334
563.,0.5586369012959502
565.,1.199127079039484
567.,1.226206212814663
569.,0.5617695130752226
571.,0.5705115365058483
573.,0.5539698976588532
575.,0.5722753623200864
577.,0.5750977167938968
579.,0.5223721765193574
581.,1.147949020540785
583.,1.1817578513005484
585.,1.1605636402301964
587.,0.5587721774834082
589.,0.557508303456557
591.,0.5542965043848599
593.,1.1840516374805006
595.,1.4870395265452396
597.,1.361298360576017
599.,1.3747821552699897
601.,0.5884687914393194
603.,1.4441589042377352
605.,1.5572104520159802
607.,1.4453485439536367
609.,1.2735809566779295
611.,1.2599775867273495
613.,1.1834395919168648
615.,1.43409323588961
617.,0.5993288801127672
619.,0.5458589674925094
621.,1.398969463297797
623.,0.6037479918258416
625.,0.5845455817011141
627.,0.5533415180769917
629.,0.573103542135762
631.,0.6019340637617412
633.,1.1830269535849995
635.,0.598875579647858
637.,0.6022313663177141
639.,1.1887671133614484
641.,1.2690686366155688
643.,1.2118770016917988
645.,0.5550687835972384
647.,0.5658192982417987
649.,1.2070706377058888
651.,0.6165777505080441
653.,0.5651603069873872
655.,1.2082159579147431
657.,1.159724141498169
659.,0.5921107235856227
661.,1.3375996876114224
663.,1.2958928305397892
665.,1.5261810939498608
667.,1.350844684895941
669.,0.5780120055820991
671.,0.6316933610947556
673.,0.5925929017194336
675.,0.5288192516394293
677.,0.572243360936078
679.,1.4457597846399688
681.,0.6391026717333359
683.,1.2732279146941496
685.,0.635595141151631
687.,0.6276992070817746
689.,0.5952381663309492
691.,0.6403437135115703
693.,0.5989134683813421
695.,0.3982101380517492
697.,0.37112892407421183
699.,0.5040284516034617
701.,0.5175785734006586
703.,0.46590127041042634
705.,0.48749035685616576
707.,0.46546637632481336
709.,0.5859270132433148
711.,0.4699710338503445
713.,0.4461631134056384
715.,0.37974523927183884
717.,0.34155234823526753
719.,0.23839604947889798
721.,0.4087936151849071
723.,0.6035225329293201
725.,0.5114679240471287
727.,0.5123401765234896
729.,0.5695322482718025
731.,0.4369790783252924
733.,0.3560238477765116
735.,0.366862467359196
737.,0.32024557987215535
739.,0.3274389894308987
741.,0.22459612874075427
743.,0.3082689691383755
745.,0.3552434856101814
747.,0.277599338082117
749.,0.3979477886641052
751.,0.39895665702901584
753.,0.3617960292963746
755.,0.22371577373249252
757.,0.3176461362249396
759.,0.39218086414735287
761.,0.19562986825897064
763.,0.1416131694736131
765.,0.31728522940801235
767.,0.30372671556187913
769.,0.16219548756956922
771.,0.3126190950677165
773.,0.23814395302317612
775.,0.12862904333001712
777.,0.4211492384274033
779.,0.18137989183996242
781.,0.24139732438687383
783.,0.27216044507731824
785.,0.45511148999390455
787.,0.37525963921794037
789.,0.33778671722663706
791.,0.21427229783316218
793.,0.06155434928196792
795.,0.01009108456965748
797.,0.23891380335977053
799.,0.11268666913853813
801.,0.008508335391892758
803.,0.30955061477949397
805.,0.02421895409995802
807.,0.10334735856835947
809.,0.012035432657380518
811.,0.10584584701849227
813.,0.46609703587443707
815.,0.011103877029439466
817.,0.042962718510151106
819.,0.07741341479794103
821.,0.14815697852348675
823.,0.0024147766692748343
825.,0.2560713712005228
827.,0.291776291219571
829.,0.1048788018740775
831.,0.08184134584015028
833.,0.2268757703066967
835.,0.37074842027954213
837.,0.07299708289511891
839.,0.3091567167635227
841.,0.6168833719847205
843.,0.1272114588649683
845.,0.357602084680806
847.,0.29221843848960893
849.,0.067056969280684
851.,0.7355270517875776
853.,0.044877263602253706
855.,1.4475630124811096
857.,0.1484945925706544
859.,0.013160802833883956
861.,0.3749166903822961
863.,0.725524691752085
865.,0.05587207180590781
867.,0.37071969783721453
869.,0.10531540187628705
871.,0.018863212658448137
873.,0.1355356861252568
875.,0.06308090175978147
877.,0.004031566293131872
879.,0.13485163129975122
881.,0.02956715793543212
883.,0.03730639352186188
885.,0.09741923938913913
887.,0.03783455507937946
889.,0.17837430789929462
891.,0.23166609546826913
893.,0.0882434943436717
895.,0.0572179014245514
897.,0.059645354596133446
899.,0.0053849581767698865
