365.,0.17318908066961483
367.5,0.13747628502127784
370.,0.2540982393124028
372.5,0.2130356166425567
375.,0.18133018620340052
377.5,0.201932417660965
380.,0.19112116208337515
382.5,0.2189668037438783
385.,0.16681515330293614
387.5,0.19584647766246127
390.,0.25539887085261376
392.5,0.18839237949298976
395.,0.15317962746336816
397.5,0.19009176153669483
400.,0.15559157617289085
402.5,0.09681503998288776
405.,0.1672379919531896
407.5,0.2492951766838531
410.,0.124254346863312
412.5,0.21454865251537628
415.,0.17821050423066415
417.5,0.20927342152738976
420.,0.19654023714705232
422.5,0.16707779482010804
425.,0.1871561323695931
427.5,0.1632161998001101
430.,0.1564615159914189
432.5,0.1795303931014826
435.,0.21722048020013895
437.5,0.22393458508549632
440.,0.20383954475769306
442.5,0.2107517901708596
445.,0.19753447215642148
447.5,0.2653808446936922
450.,0.2572408913001352
452.5,0.1879175262861961
455.,0.246541733679307
457.5,0.2543594404415241
460.,0.23437038274404043
462.5,0.24883938600599081
465.,0.2641594324828023
467.5,0.2933920119189408
470.,0.3063753220205284
472.5,0.3064667255504125
475.,0.2510876942015385
477.5,0.25296789600275943
480.,0.264588366729746
482.5,0.25217904473817865
485.,0.26065980577476244
487.5,0.273280486089289
490.,0.29581063391877355
492.5,0.2485783062836288
495.,0.24425033843628702
497.5,0.3410081088980255
500.,0.29916625252143686
502.5,0.27609864063577866
505.,0.25975055342156106
507.5,0.30584432241606063
510.,0.37714950578521417
512.5,0.30750831510981064
515.,0.3151286008803522
517.5,0.34940272827192104
520.,0.36870907610866077
522.5,0.32606221455167667
525.,0.3183812255969297
527.5,0.29704421204725
530.,0.32087849009934116
532.5,0.3595605204635803
535.,0.3883019521736653
537.5,0.30439324099263215
540.,0.330024375559446
542.5,0.4112774571823625
545.,0.39846494872197463
547.5,0.3613830773623288
550.,0.4039070458835868
552.5,0.35226710548888807
555.,0.28348868820347334
557.5,0.36309510772424575
560.,0.3873695005408185
562.5,0.39103765292087606
565.,0.396184150223873
567.5,0.33411168573770195
570.,0.362723734799
572.5,0.39127481308677486
575.,0.41915236525542643
577.5,0.44842545033746495
580.,0.3764551723786543
582.5,0.27740508143850207
585.,0.33495438350009216
587.5,0.3630577518896918
590.,0.37352049527664316
592.5,0.2616098932612045
595.,0.3448816969103617
597.5,0.31949635805509646
600.,0.31905280826833604
602.5,0.3428508776193068
605.,0.3478621553354885
607.5,0.3920201592868085
610.,0.3717047875281391
612.5,0.42483141632979654
615.,0.40024681070624085
617.5,0.33405888991297716
620.,0.2985257705839276
622.5,0.33210647815721206
625.,0.3580955669979441
627.5,0.3191673107315554
630.,0.37955941221870215
632.5,0.2841662125908575
635.,0.366584675009895
637.5,0.344209540871731
640.,0.3358391288396104
642.5,0.4059188820873427
645.,0.4461375102517414
647.5,0.4146953049784837
650.,0.4465398596675347
652.5,0.50137982781399
655.,0.41013512911924244
657.5,0.29671241181140234
660.,0.33763689668310076
662.5,0.4767934793668085
665.,0.4733571058988676
667.5,0.4047195447943919
670.,0.48418011702687513
672.5,0.4347649389607821
675.,0.4370216157576205
677.5,0.5222151149304557
680.,0.482503803974798
682.5,0.49828788030431664
685.,0.4703803195281651
687.5,0.3469244174252261
690.,0.37286706599961617
692.5,0.3507044105027587
695.,0.4242551744871698
697.5,0.449307319747186
700.,0.408382645510563
702.5,0.42214499862764127
705.,0.6065231617388569
707.5,0.47478265032777395
710.,0.5164806895385438
712.5,0.3949594727920926
715.,0.3386292823982491
717.5,0.42991088389713156
720.,0.46212790645700585
722.5,0.4339523650404884
725.,0.4611940289117258
727.5,0.30527084972587026
730.,0.3631006783845363
732.5,0.3670627098056965
735.,0.3139997548140256
737.5,0.5203929988243868
740.,0.4640329386221581
742.5,0.44410287972094004
745.,0.33128476709547794
747.5,0.4332414322615972
750.,0.37507536978594536
752.5,0.3168878157624641
755.,0.33726688953427264
757.5,0.4119107191605971
760.,0.4974755400328243
762.5,0.3586531897500187
765.,0.3122087910522398
767.5,0.20971106394387454
770.,0.1213931635200625
772.5,0.08282196446862199
775.,0.2580066167690253
777.5,0.3941804586084735
780.,0.14237904689980663
782.5,0.07184916557211883
785.,0.18356513168650052
787.5,0.0643628476956957
790.,0.24383870108583267
792.5,0.32509031656747567
795.,0.24800629130584573
797.5,0.06632192419942186
800.,0.17551778190767922
802.5,0.26957011728694286
805.,0.601432044600402
807.5,0.3289880883229655
810.,0.1873069999482057
812.5,0.46710907437617444
815.,0.3300652379144871
817.5,0.2736047995721491
820.,0.12207774112732271
822.5,0.08250821939494977
825.,0.35975918587025596
827.5,0.18472122440872085
830.,0.10479909042651593
832.5,0.12047373604382997
835.,0.16302621655672508
837.5,0.04955938972529322
840.,0.10034053544593012
842.5,0.06930584998006789
845.,0.0926756917542494
847.5,0.24899150406738035
850.,0.1888570327189643
852.5,0.02887140053239946
855.,0.08554308968727944
857.5,0.049572430339641364
860.,0.29851171571383944
862.5,0.27307820010253203
865.,0.24394385971885094
867.5,0.37004448645696064
870.,0.20984723370631184
872.5,0.010047538464102564
875.,0.013603415198933842
877.5,0.11504640621660983
880.,0.005198482146684409
882.5,0.10235582916827865
885.,0.19210096666846654
887.5,0.11629129963080367
890.,0.3044760863595844
892.5,0.055810688792850456
895.,0.19405045942821592
897.5,0.6148606995525518
900.,0.5794555343036059
902.5,0.5550134464698881
905.,0.01948315623706852
907.5,0.30243864357434963
910.,0.16998465930332426
912.5,0.013448886907728637
915.,0.10107432617321076
917.5,0.08053850107009074
920.,0.0203634237899298
922.5,0.3722003110640217
925.,0.23679002304563085
927.5,0.2271350488583809
930.,0.2470770210065542
932.5,0.3673358219348192
935.,0.040575633782191645
937.5,0.5667997218221609
940.,0.13177034650239228
942.5,0.3693679788509021
945.,0.5554301564905686
