365.,0.04809571500408698
367.,0.09092738085448844
369.,0.04982071605810824
371.,0.060271390702824126
373.,0.07587168867102437
375.,0.061149744345914726
377.,0.06681043222663954
379.,0.04174082572148731
381.,0.024877681321425857
383.,0.027587897180487785
385.,0.03625122954020033
387.,0.04737062377444163
389.,0.03803654537548776
391.,0.0667306787493977
393.,0.03883972433951988
395.,0.06286763400219653
397.,0.03203061654637282
399.,0.04521862315801116
401.,0.05900839626666021
403.,0.05430956961944296
405.,0.061422320465178946
407.,0.06382873686204887
409.,0.07052357404776571
411.,0.06143597763018272
413.,0.059178191196556706
415.,0.05924112046690734
417.,0.0631529827821115
419.,0.06389775542570343
421.,0.06444265135199456
423.,0.05723723439132338
425.,0.028265425318665178
427.,0.06607759696760583
429.,0.04313767319267431
431.,0.05511750111376452
433.,0.05134659230047849
435.,0.050858336350647085
437.,0.041620976245295746
439.,0.03930340563927568
441.,0.05422730511980661
443.,0.047796011147489985
445.,0.06328568940178639
447.,0.07243518929321485
449.,0.03576755276966971
451.,0.03250184342684216
453.,0.009418104738511696
455.,0.02486889178379561
457.,0.050048431442774516
459.,0.028291258355236295
461.,0.024177225432589686
463.,0.02136266501620186
465.,0.026737752538145098
467.,0.03405652163460329
469.,0.020882258680948413
471.,0.024029813674277402
473.,0.009831869998414795
475.,0.029680817305117072
477.,0.028680725342496136
479.,0.03737184007204863
481.,0.03905342852064685
483.,0.04374570964534103
485.,0.05100951472065013
487.,0.048631588738342224
489.,0.052578049471876845
491.,0.05201006604538415
493.,0.05040278579078561
495.,0.04874871959867306
497.,0.04784842447782683
499.,0.045999445894025597
501.,0.03971029290938839
503.,0.035703787446661216
505.,0.02615988493675654
507.,0.011024237342727533
509.,0.018779486448984868
511.,0.032493433833665084
513.,0.03921050290610026
515.,0.04316992469492953
517.,0.041625209926597496
519.,0.051406883306202425
521.,0.0468419127335245
523.,0.04864533990194475
525.,0.04977433674040864
527.,0.05152736486031621
529.,0.058257579010260845
531.,0.04960567398930939
533.,0.04977247261058148
535.,0.053633563410526365
537.,0.04984864994390153
539.,0.05551905740326909
541.,0.061153455246608986
543.,0.05304723799710398
545.,0.055006735087279525
547.,0.05425265206082108
549.,0.05223728004889095
551.,0.056501671660019785
553.,0.05111652949648224
555.,0.04730647198616453
557.,0.050360691086761736
559.,0.05286804774289364
561.,0.05201134041003615
563.,0.05203829971706673
565.,0.04686758064699166
567.,0.04662653182742269
569.,0.05147333358110324
571.,0.05112961694988845
573.,0.05408626307543291
575.,0.050721669031207436
577.,0.051055651837226365
579.,0.05944427106568248
581.,0.050554546325275056
583.,0.049484186395981476
585.,0.04993393834023343
587.,0.054288645299743296
589.,0.05357736942555555
591.,0.0529211857931125
593.,0.04525876309737951
595.,0.03980193153668608
597.,0.041045886954637484
599.,0.03692088746039437
601.,0.042036756290165296
603.,0.032326024493845355
605.,0.028502274922335855
607.,0.024878430691672483
609.,0.014291843941310141
611.,0.014373619498028067
613.,0.022553048573468036
615.,0.02173338497961919
617.,0.03205251638066483
619.,0.04429440613690943
621.,0.034696688128162755
623.,0.03868474361932985
625.,0.046874096756527386
627.,0.05399165863651615
629.,0.05391634370138787
631.,0.05173758382639061
633.,0.04942520160451527
635.,0.05401183419384823
637.,0.0548391540904852
639.,0.051631236016630555
641.,0.049914810716646545
643.,0.05137918380040313
645.,0.0622962411928952
647.,0.06119790310915196
649.,0.05135487350141942
651.,0.05375126396692614
653.,0.060025811675846835
655.,0.05030058225495258
657.,0.050075870203955895
659.,0.05428333377530373
661.,0.0442784297383485
663.,0.04420168340738242
665.,0.03951800000958812
667.,0.03992245616028102
669.,0.04386428051918602
671.,0.036673191912669295
673.,0.035606802718138895
675.,0.02889174526983939
677.,0.024362282249137533
679.,0.01779171283252114
681.,0.016062512260894193
683.,0.01906763370377931
685.,0.015854711005451837
687.,0.02493204676789279
689.,0.035909382961779944
691.,0.0321825804231481
693.,0.04240427035192559
695.,0.08995956120331672
697.,0.11516639631569839
699.,0.0593550585364978
701.,0.05341789779486671
703.,0.06713749078891872
705.,0.06626142448315718
707.,0.07299131284194273
709.,0.05322655184152801
711.,0.07963341468520074
713.,0.08520519367475352
715.,0.12113500018164645
717.,0.04681972987684463
719.,0.0866161528905839
721.,0.11078043427885126
723.,0.06381798444241026
725.,0.07949672184479979
727.,0.07996756761685131
729.,0.0706512787075284
731.,0.10211467920866565
733.,0.04464344439996223
735.,0.10422966623072036
737.,0.12382700086008176
739.,0.12402981212149361
741.,0.07396559311177972
743.,0.11237554179703929
745.,0.0151051292629686
747.,0.08564907640717938
749.,0.10019842976479436
751.,0.09667696556778489
753.,0.08291774870289621
755.,0.04495605028997888
757.,0.07861840259171723
759.,0.06802047267415182
761.,0.02457599984638767
763.,0.028369634942042102
765.,0.03547424426790927
767.,0.07872336459162027
769.,0.039692317592379525
771.,0.07539418513852462
773.,0.047264096600383526
775.,0.024707741310295978
777.,0.0724564488523427
779.,0.05044142835409436
781.,0.05979183746292199
783.,0.0732206919083792
785.,0.0587434045895015
787.,0.1040125229008443
789.,0.12399266097317177
791.,0.07643286184977306
793.,0.051297844348036116
795.,0.04525674380526869
797.,0.08413126512043076
799.,0.05846932086694196
801.,0.04709152677988231
803.,0.11456975995683762
805.,0.05036586473771765
807.,0.06061648147609481
809.,0.046241705985515635
811.,0.061050002437070615
813.,0.10611715588809219
815.,0.04410054815230239
817.,0.03886625167186693
819.,0.0471932100563683
821.,0.05504200840622695
823.,0.0187339605810208
825.,0.03489280934585186
827.,0.049367157655381654
829.,0.005760841285585531
831.,0.019147810567519286
833.,0.029012461342720803
835.,0.1142077816656165
837.,0.020573534349684675
839.,0.06354001749177539
841.,0.030394760339202905
843.,0.032009714019160855
845.,0.11565233296682538
847.,0.08958490273803911
849.,0.05264814873254202
851.,0.06227662558255252
853.,0.053190981304732085
855.,0.05461003241537329
857.,0.06748677943956082
859.,0.04800021800191738
861.,0.061462201805898474
863.,0.05412209223637219
865.,0.04448354216494317
867.,0.11062239509595277
869.,0.04059317663857478
871.,0.05098939767795781
873.,0.03435006966161148
875.,0.04283672583348963
877.,0.04980092442241778
879.,0.05478677995007668
881.,0.045321942206233035
883.,0.04798849637157265
885.,0.043953826224642514
887.,0.047549502001349706
889.,0.03699168158223243
891.,0.03423096610414613
893.,0.04250026241917587
895.,0.0449419045548699
897.,0.053884050778653346
899.,0.03944574638153663
