370.,3.1889126509043115
377.,2.925873677664913
384.,3.349725400551297
391.,12.129463867402933
398.,4.254023231973646
405.,2.927331572512146
412.,2.626235028179238
419.,2.254873754952228
426.,1.891435648776127
433.,8.405182998561259
440.,3.877819927457958
447.,2.8145453339448583
454.,3.3588546918703757
461.,3.521273148280614
468.,4.384016592350808
475.,5.881893589968013
482.,5.896672736894081
489.,3.4368634295902436
496.,2.895306709343284
503.,3.030630855839377
510.,14.94795130797153
517.,9.29562210046743
524.,4.34787652316066
531.,3.816210454753735
538.,3.880236459302163
545.,3.389186168864888
552.,3.213386685290466
559.,2.7117991830550165
566.,3.377198951778999
573.,2.9460182237427444
580.,2.891689287306245
587.,2.8061690827281516
594.,2.0535569315482567
601.,3.4137807431359315
608.,3.318923048230362
615.,4.033858634889952
622.,4.395525456809491
629.,1.3482373911961665
636.,2.042793777559294
643.,2.6031401689695883
650.,1.2161374808018297
657.,0.8009467539750899
664.,1.9960582172621857
671.,3.4389750935156638
678.,0.8978364989661101
685.,1.35151706415439
692.,2.540787232244838
699.,1.2889910708322512
706.,2.506792425868009
713.,3.8844170608455393
720.,2.8577798962011656
727.,2.446814951468266
734.,1.2517413271812583
741.,0.3021916854207976
748.,0.5179806934300766
755.,3.5380526071894853
762.,3.113339771125657
769.,3.0349086543259873
776.,8.079404845058416
783.,12.122181432004128
790.,11.480254652045012
