365.,4.884279993324417
367.,2.264604856321171
369.,4.700759725391139
371.,3.8024200347381347
373.,2.889425183823081
375.,3.7399974925501556
377.,3.373715881720645
379.,5.685213493553658
381.,9.722501858905302
383.,8.746764867731068
385.,6.594741772078069
387.,4.965223893540164
389.,6.270930914367179
391.,3.3784868249413713
393.,6.134721828128588
395.,3.622531450310078
397.,7.500281981426564
399.,5.220069953531664
401.,3.89516845563074
403.,4.275202441579847
405.,3.7209590145339995
407.,3.5593271136280014
409.,3.162207557888714
411.,3.7200091767533854
413.,3.882487250450119
415.,3.8778043970589797
417.,3.6035841553025305
419.,3.554854626727173
421.,3.5198488971477846
423.,4.031593031074586
425.,8.531734608111806
427.,3.4179412791175543
429.,5.489697130133645
431.,4.205558812902639
433.,4.54821200899447
435.,4.596080002620092
437.,5.702579618390268
439.,6.058553906442091
441.,4.282402780315494
443.,4.9174522069123325
445.,3.594825231722218
447.,3.0607470896114775
449.,6.687896225369309
451.,7.3877541382492415
453.,25.90430799910932
455.,9.726008253215138
457.,4.67743382388756
459.,8.52373697690521
461.,10.009844361064586
463.,11.352506142859516
465.,9.03179061377016
467.,7.038182737027089
469.,11.617529858777468
471.,10.072428057323604
473.,24.810973187532067
475.,8.1137780279697
477.,8.404884238089588
479.,6.387966063058525
481.,6.099398644898489
483.,5.408359383132076
485.,4.581165870008097
487.,4.825940942584195
489.,4.431221622462358
491.,4.48453033105864
493.,4.641534082017152
495.,4.8133522084867755
497.,4.911622289555748
499.,5.124959901309013
501.,5.993139943158527
503.,6.700361156254683
505.,9.23597427362323
507.,22.118602826124754
509.,12.9359457432518
511.,7.389734244914652
513.,6.0736745379587145
515.,5.485327305497725
517.,5.7019645112142525
519.,4.542360910138115
521.,5.025755215434347
523.,4.8244600306912195
525.,4.705535430319708
527.,4.53070729615647
529.,3.952061963419826
531.,4.722974311720114
533.,4.705727557724746
535.,4.33498604635662
537.,4.697887433879863
539.,4.17165144563357
541.,3.739737256322267
543.,4.387998314842995
545.,4.214993398577909
547.,4.280182061636965
549.,4.463073539600147
551.,4.090580748847492
553.,4.570659133521144
555.,4.972499512559569
557.,4.645773597428276
559.,4.404420576917383
561.,4.484409493426226
563.,4.481854472432115
565.,5.0227863488812
567.,5.05079046696238
569.,4.535927101695552
571.,4.56937706413116
573.,4.2947955732511485
575.,4.6096351128087205
577.,4.576630998844755
579.,3.8627494773340487
581.,4.626305344579158
583.,4.735605564825836
585.,4.689136588987224
587.,4.277031935245483
589.,4.340019467311701
591.,4.399539697424808
593.,5.215103772765516
595.,5.978586760205419
597.,5.787275229761032
599.,6.469703522857644
601.,5.642743757566006
603.,7.429362565595113
605.,8.458943959767833
607.,9.72220302742
609.,17.038789042706693
611.,16.941208951472685
613.,10.74410122064794
615.,11.155942514327304
617.,7.494980372795655
619.,5.336808242149333
621.,6.903168614081886
623.,6.1605760184668314
625.,5.022033161794537
627.,4.303142154085665
629.,4.309806570893829
631.,4.510496814114249
633.,4.741759609137865
635.,4.3013598389631795
637.,4.2293350936029395
639.,4.520701648066705
641.,4.691096667911709
643.,4.545047466977507
645.,3.6609462950033773
647.,3.7366224843564595
649.,4.547407567539687
651.,4.324475427287645
653.,3.82017263807452
655.,4.651839059979539
657.,4.674636759912492
659.,4.277496552927984
661.,5.338867449905329
663.,5.34877931171804
665.,6.023891165107755
667.,5.959544955142359
669.,5.392751428065912
671.,6.515433733016405
673.,6.719403506934527
675.,8.341807606751091
677.,9.932340171508706
679.,13.662155200494954
681.,15.147323902697686
683.,12.738198203440911
685.,15.34750220025717
687.,9.700868315262998
689.,6.660326196921714
691.,7.463639912272224
693.,5.590799161301948
695.,2.300055881123948
697.,1.4660429104992914
699.,3.869349061145084
701.,4.354357950200314
703.,3.35425649896697
705.,3.4067655147596514
707.,3.0320927557758313
709.,4.371669041951759
711.,2.7161564749228595
713.,2.4822523927309756
715.,1.2383510037189416
717.,0.20122325071106417
719.,2.4266865605776884
721.,1.6091934376976642
723.,3.560024671394602
725.,2.722217677305021
727.,2.7014097525098126
729.,3.1552812629283298
731.,1.8843268342598871
733.,0.1912243543674371
735.,0.5527246307680224
737.,1.0577704604562788
739.,1.004073366335377
741.,2.9827825544615902
743.,1.5580187221070232
745.,0.06289500504408599
747.,2.464626100290485
749.,1.9464451209988114
751.,2.0633394057064605
753.,0.39127168835007764
755.,5.252766124207662
757.,2.7615697170577564
759.,3.302552042339717
761.,9.844270477352959
763.,8.499560338406331
765.,6.745595143305611
767.,2.7568295742521256
769.,5.996002269221214
771.,2.9124392135355195
773.,4.9773157743989485
775.,9.790733287215275
777.,3.0596447491665675
779.,4.6376481579788065
781.,3.83721109130485
783.,3.0203826765477135
785.,3.915094731271398
787.,0.5506512891019618
789.,1.0246192522364679
791.,2.862686093681429
793.,4.552952402570107
795.,5.215353400757852
797.,2.525471335447668
799.,3.9358803042470396
801.,4.997015195149657
803.,1.4860710192611715
805.,4.645252177054578
807.,3.777697308872502
809.,5.096077647842836
811.,3.747002998148984
813.,1.756802605163024
815.,5.36189176153211
817.,6.130316588758477
819.,4.985391027573905
821.,4.211985106399917
823.,12.967742090294848
825.,6.862776381076967
827.,4.747829153667018
829.,42.387364383220884
831.,12.68422719963047
833.,8.306130716776524
835.,0.6689625412896589
837.,11.794326804827547
839.,3.5781317867842075
841.,7.917511433907961
843.,7.5053488028720166
845.,1.44953624846047
847.,2.313917617411297
849.,4.424717671513041
851.,3.66227644670791
853.,4.374900038393749
855.,4.249076938782631
857.,3.33365981205144
859.,4.894806968829261
861.,0.2717468584733054
863.,4.291641662697706
865.,5.312538614850994
867.,0.6212829263002758
869.,5.855582512116439
871.,4.583145632435817
873.,6.975660382607396
875.,5.530779231575947
877.,4.702796647045301
879.,4.2338341671142725
881.,5.207304270747196
883.,4.896101842664809
885.,5.381017962687356
887.,4.945036026957875
889.,6.45674312349086
891.,7.000901461592823
893.,5.577374653194059
895.,5.254538009245722
897.,4.312669447562073
899.,6.035521140731548
