4.672578276392863
4.397720233785662
4.181610248801542
4.328985735545476
4.047583536083628
3.876838797639898
3.9054636719754177
3.1403123453452384
3.787237756311995
3.875492056029939
3.4154850683036444
4.068563953323412
3.7726962311327275
3.7433148508067164
3.9025034181069493
3.8484031766248323
3.6389940885840684
4.142630964037479
4.0948829849246575
3.7729131146905486
4.1263906197686895
3.768777338520806
3.6396587331262595
3.755001479848166
3.614905992473167
3.6369536569500402
3.584349499283344
3.039736315223723
3.365416169116797
3.0387545513035206
2.235264612983355
2.6524674347264665
3.2466623348560963
2.62619351695637
2.1932783571649264
2.168207047869655
2.2212510845891367
2.564075165066163
2.146849225029694
2.6706131152498647
2.351500079455552
2.223376702446791
2.17383470582709
2.658939571588995
2.220823379519546
2.3761357565227232
2.1537274168895717
2.1473547067160283
2.282400258088506
2.238061205505334
