0.1744813331500457
0.17924309669238322
0.1821419682165892
0.177641907262723
0.18132616738988266
0.18203588609189014
0.18014140288464603
0.16518179521400325
0.17661018872491788
0.17446270603222278
0.1713920154578032
0.16951071079780616
0.16954113292334744
0.16828088603088395
0.16618776967226
0.1640776496830039
0.16298848734731014
0.15901538908664564
0.1584947140061866
0.15962093666481303
0.15506182239976857
0.15631721673052698
0.15483500977792292
0.15320137606508413
0.15150663395157238
0.15067740007258798
0.14917113770381815
0.1261799022677724
0.1417781038555289
0.12306607308681738
0.18047686343396974
0.06207579912969729
0.13258917311890778
0.053844771213807346
0.24360649129807344
0.466135933906528
0.18872122290933022
0.03259877917361801
0.4268945989951116
0.05899278853754784
0.48784869183392027
0.5180337688756935
0.5164915027657608
0.05371931174704823
0.17973627987091256
0.48179376664897017
0.522011360671116
0.5245343861320801
0.5098216002151703
0.5230060698787993
