0.50697002469389
0.5403309971917596
0.5698915699108197
0.542041833575979
0.5844141701084311
0.6127660915643243
0.6028731323429569
0.8046338642912663
0.6154745287735508
0.5940520406432311
0.6983376104905384
0.55309289515588
0.602236091465459
0.6054886944905873
0.5717734097740894
0.5771074192976285
0.6175517605183217
0.5230610245117032
0.5285894212735847
0.583094366242923
0.5187885905753634
0.578331144593491
0.6027438259653316
0.5760833219571707
0.6029970014196425
0.5967423869089356
0.6064235579150408
0.7574348694806166
0.6538279826669858
0.7515183183003276
1.1042667465075091
0.922088058582383
0.6786693577936901
0.9320643709532519
1.0424615801787172
0.5236496833961095
1.1047965246870355
0.9570829644162682
0.7175612481483661
0.8869690228542222
0.028584656535466074
0.12461330644770842
0.27607558612380295
0.8853417491773731
1.1181771009014765
0.011327084384369222
0.31942890653722705
0.331103693606421
0.031775826487184924
0.056002785251588943
