0.040963975080392796
0.04732287061241646
0.053637058840890074
0.049077620398762824
0.058193874141831206
0.06524762001524452
0.06384911535337481
0.12567638310008108
0.06925098947254385
0.06497955623941688
0.09351471341605963
0.05731133088467584
0.0698314532800772
0.07133789781171011
0.06393262138938136
0.06640413953664286
0.07717249586083584
0.05551723584511314
0.05717719370528066
0.07020700702865987
0.0565473913224603
0.07067762226202756
0.07749762366574255
0.07165734071052723
0.07917379777715193
0.07800346789493066
0.08112840541725896
0.13242371325854926
0.09660283092495227
0.13200466569900374
0.7731764916361339
0.22182097694223143
0.10720483219536292
0.23023726040729547
0.8480132461639567
1.105534698949136
0.7330932072744538
0.2522564351767256
1.0708223247235045
0.2064255048904675
0.7252507017577052
0.921094932071472
1.0523625679452204
0.20717741258671502
0.652515296397445
0.6787769360919189
1.0785355083437025
1.0855932070424137
0.7630436288256706
0.8274409346965106
