WS2 Flake
VASEmethod[EllipsometerType=4, Isotropic, FixedPol=45.00, ZoneAve=1, Revs=400, OffsetMode=2, Offset1=0.11742, Offset2=0.23822, Offset3=-0.019523, WVASE=3.802, HardVer=17.034, Wed Sep 18 17:07:16 2019]
Original[s1_bulk_ws2_2d_semic_45deg_01.dat]
nm
365.0 52.000 26.77394 194.63693 0.012792 0.017822 
367.5 52.000 25.52813 194.56668 0.008019 0.011401 
370.0 52.000 28.26450 194.03227 0.007145 0.008860 
372.5 52.000 27.59129 196.10600 0.005277 0.007248 
375.0 52.000 26.99553 194.12927 0.004430 0.006502 
377.5 52.000 26.66867 195.48969 0.003812 0.005500 
380.0 52.000 26.53677 195.29250 0.003414 0.005042 
382.5 52.000 26.29384 194.64981 0.003245 0.005038 
385.0 52.000 26.59881 195.93347 0.003170 0.004716 
387.5 52.000 25.81691 194.90041 0.002946 0.004898 
390.0 52.000 25.99815 196.04240 0.003901 0.004559 
392.5 52.000 25.75733 196.88370 0.002941 0.006308 
395.0 52.000 25.62666 195.92889 0.002676 0.004285 
397.5 52.000 25.77789 196.18167 0.003143 0.004492 
400.0 52.000 25.63988 195.88619 0.003441 0.005088 
402.5 52.000 25.36921 197.45233 0.003659 0.005315 
405.0 52.000 25.63555 196.95596 0.003491 0.005355 
407.5 52.000 25.24487 197.45601 0.003627 0.005219 
410.0 52.000 25.03546 197.62050 0.003890 0.005728 
412.5 52.000 25.32450 197.40402 0.003412 0.005253 
415.0 52.000 25.15510 197.41115 0.003343 0.006002 
417.5 52.000 25.31077 197.49353 0.003251 0.005064 
420.0 52.000 24.94388 197.89133 0.003134 0.005077 
422.5 52.000 24.86157 197.69734 0.003153 0.005505 
425.0 52.000 24.83941 197.95399 0.003211 0.005369 
427.5 52.000 24.85260 197.99782 0.003162 0.005503 
430.0 52.000 24.67659 198.71822 0.003663 0.004939 
432.5 52.000 24.85857 198.29924 0.003262 0.005932 
435.0 52.000 24.89592 198.65578 0.003186 0.005712 
437.5 52.000 24.58345 198.56195 0.003642 0.005316 
440.0 52.000 24.67591 198.56148 0.003196 0.006502 
442.5 52.000 24.80018 198.81903 0.003764 0.005964 
445.0 52.000 24.67467 198.69575 0.003301 0.006527 
447.5 52.000 24.74717 198.98291 0.003378 0.006724 
450.0 52.000 24.95045 199.21455 0.005500 0.008826 
452.5 52.000 24.75567 199.26068 0.005273 0.009079 
455.0 52.000 24.91151 199.30846 0.005126 0.009087 
457.5 52.000 24.85811 199.41301 0.005038 0.009024 
460.0 52.000 24.89367 199.52103 0.005032 0.008669 
462.5 52.000 24.88011 199.60059 0.005020 0.008898 
465.0 52.000 24.93765 199.71785 0.005056 0.008759 
467.5 52.000 24.92757 199.68152 0.005155 0.008538 
470.0 52.000 24.86265 199.82912 0.004953 0.008435 
472.5 52.000 24.77970 199.97327 0.004889 0.008634 
475.0 52.000 24.71658 200.11557 0.004672 0.007956 
477.5 52.000 24.64067 200.23755 0.004468 0.008093 
480.0 52.000 24.51025 200.34346 0.004798 0.008070 
482.5 52.000 24.38108 200.49881 0.004612 0.007951 
485.0 52.000 24.25031 200.60263 0.004578 0.008098 
487.5 52.000 24.13439 200.74022 0.004960 0.007934 
490.0 52.000 24.00144 200.98734 0.004576 0.007936 
492.5 52.000 23.88056 201.09920 0.004488 0.008196 
495.0 52.000 23.72850 201.27296 0.004593 0.008005 
497.5 52.000 23.64565 201.44775 0.004680 0.007857 
500.0 52.000 23.50742 201.57014 0.004561 0.007788 
502.5 52.000 23.38657 201.77181 0.004707 0.008314 
505.0 52.000 23.25839 201.93642 0.004847 0.008449 
507.5 52.000 23.17051 202.13878 0.004601 0.008477 
510.0 52.000 23.10592 202.21582 0.004635 0.008542 
512.5 52.000 22.98219 202.30548 0.004882 0.008838 
515.0 52.000 22.87514 202.38513 0.004927 0.008933 
517.5 52.000 22.85538 202.56644 0.005131 0.008559 
520.0 52.000 22.71972 202.59982 0.004553 0.009396 
522.5 52.000 22.68515 202.80087 0.004514 0.009114 
525.0 52.000 22.59114 202.77350 0.004813 0.008787 
527.5 52.000 22.58399 202.94028 0.004633 0.008805 
530.0 52.000 22.60843 202.98482 0.004760 0.008856 
532.5 52.000 22.60519 202.96854 0.004841 0.009840 
535.0 52.000 22.61208 203.01219 0.004856 0.009521 
537.5 52.000 22.56159 203.04121 0.004909 0.009881 
540.0 52.000 22.53554 203.04210 0.005099 0.010365 
542.5 52.000 22.60750 203.15413 0.005117 0.010325 
545.0 52.000 22.56606 203.14284 0.005243 0.009964 
547.5 52.000 22.58276 203.38001 0.005123 0.010096 
550.0 52.000 22.55843 203.36197 0.004984 0.010486 
552.5 52.000 22.55082 203.38466 0.005156 0.010465 
555.0 52.000 22.56386 203.41495 0.005125 0.009858 
557.5 52.000 22.56809 203.48361 0.004931 0.009941 
560.0 52.000 22.61047 203.60938 0.005491 0.010182 
562.5 52.000 22.62511 203.58078 0.004561 0.009023 
565.0 52.000 22.59265 203.53578 0.004694 0.012474 
567.5 52.000 22.51485 203.71626 0.005362 0.010341 
570.0 52.000 22.54503 203.81937 0.004967 0.010490 
572.5 52.000 22.49181 203.86173 0.005196 0.010811 
575.0 52.000 22.46503 203.80736 0.004908 0.012269 
577.5 52.000 22.44213 203.87010 0.005325 0.011935 
580.0 52.000 22.39913 204.06131 0.004659 0.013673 
582.5 52.000 22.25820 204.04338 0.006196 0.012074 
585.0 52.000 22.24820 204.08581 0.005308 0.012399 
587.5 52.000 22.19792 204.25513 0.005243 0.013043 
590.0 52.000 22.14943 204.29835 0.005655 0.013177 
592.5 52.000 22.00194 204.30435 0.005674 0.012848 
595.0 52.000 22.00465 204.43430 0.005569 0.014680 
597.5 52.000 21.91070 204.52298 0.005746 0.013833 
600.0 52.000 21.88641 204.73221 0.006124 0.011179 
602.5 52.000 21.84510 204.69144 0.005648 0.012594 
605.0 52.000 21.72178 204.89002 0.005585 0.012044 
607.5 52.000 21.75920 204.87364 0.004493 0.010792 
610.0 52.000 21.60107 205.03323 0.005191 0.008737 
612.5 52.000 21.64314 205.08431 0.004788 0.010554 
615.0 52.000 21.51805 205.12352 0.005303 0.011567 
617.5 52.000 21.42139 205.15453 0.005077 0.012304 
620.0 52.000 21.44514 205.20068 0.004984 0.011573 
622.5 52.000 21.34845 205.27295 0.004734 0.011311 
625.0 52.000 21.27803 205.39462 0.005039 0.014551 
627.5 52.000 21.22487 205.55101 0.005609 0.010997 
630.0 52.000 21.13457 205.70232 0.005443 0.011415 
632.5 52.000 21.09935 205.56789 0.005070 0.012551 
635.0 52.000 21.07614 205.77747 0.005412 0.011693 
637.5 52.000 20.99279 205.91087 0.005204 0.012133 
640.0 52.000 20.97115 205.88025 0.004983 0.012241 
642.5 52.000 20.88780 206.04939 0.005146 0.012806 
645.0 52.000 20.96426 205.97823 0.005273 0.013103 
647.5 52.000 20.90493 206.03754 0.005724 0.013554 
650.0 52.000 20.82258 206.14520 0.005456 0.013226 
652.5 52.000 20.79132 206.24287 0.005603 0.014101 
655.0 52.000 20.70519 206.37378 0.005191 0.012722 
657.5 52.000 20.62053 206.35797 0.006620 0.012062 
660.0 52.000 20.58449 206.36220 0.005866 0.013432 
662.5 52.000 20.56998 206.47829 0.005455 0.013095 
665.0 52.000 20.51274 206.51067 0.006090 0.012964 
667.5 52.000 20.42576 206.62538 0.005583 0.013102 
670.0 52.000 20.36767 206.61945 0.005733 0.014336 
672.5 52.000 20.34653 206.58739 0.005677 0.013153 
675.0 52.000 20.28641 206.62743 0.005974 0.016454 
677.5 52.000 20.23128 206.65541 0.006507 0.018323 
680.0 52.000 20.19206 206.71625 0.006030 0.013397 
682.5 52.000 20.17235 206.71176 0.006235 0.014513 
685.0 52.000 20.15882 206.81639 0.006167 0.014809 
687.5 52.000 20.09894 206.68832 0.006251 0.015300 
690.0 52.000 20.05105 206.86235 0.006075 0.013574 
692.5 52.000 20.05625 206.62488 0.006333 0.017744 
695.0 52.000 20.01445 206.74908 0.006387 0.015430 
697.5 52.000 20.10634 206.62660 0.006838 0.018028 
700.0 52.000 19.97737 206.74664 0.006546 0.017350 
702.5 52.000 19.86728 206.84471 0.007244 0.018082 
705.0 52.000 19.86139 206.86888 0.007428 0.017906 
707.5 52.000 19.81796 206.91371 0.007395 0.018411 
710.0 52.000 19.75289 206.92499 0.007530 0.018980 
712.5 52.000 19.68914 206.97098 0.007595 0.019726 
715.0 52.000 19.64901 206.95519 0.007806 0.019245 
717.5 52.000 19.60375 206.95383 0.007724 0.019725 
720.0 52.000 19.55741 206.98529 0.007761 0.020476 
722.5 52.000 19.49994 206.90608 0.008588 0.021388 
725.0 52.000 19.46535 206.84019 0.008655 0.022055 
727.5 52.000 19.35149 206.99875 0.008583 0.022490 
730.0 52.000 19.33705 207.08299 0.008876 0.022381 
732.5 52.000 19.29268 207.09492 0.008869 0.023547 
735.0 52.000 19.21288 207.02506 0.009313 0.023089 
737.5 52.000 19.19031 207.17848 0.009113 0.023685 
740.0 52.000 19.17039 207.18292 0.009392 0.023414 
742.5 52.000 19.16381 207.24260 0.009544 0.024528 
745.0 52.000 19.11939 207.19783 0.009868 0.024700 
747.5 52.000 19.09875 207.18478 0.009685 0.025735 
750.0 52.000 19.05064 207.34744 0.010086 0.026260 
752.5 52.000 18.99895 207.27135 0.010736 0.027208 
755.0 52.000 18.90423 207.40797 0.010923 0.027828 
757.5 52.000 18.92396 207.40138 0.010680 0.028078 
760.0 52.000 18.81889 207.46896 0.010627 0.029053 
762.5 52.000 18.81842 207.29724 0.010911 0.029348 
765.0 52.000 18.73293 207.53018 0.010937 0.029828 
767.5 52.000 18.69061 207.56450 0.010817 0.029611 
770.0 52.000 18.64719 207.39578 0.011254 0.030882 
772.5 52.000 18.59393 207.74678 0.011741 0.032741 
775.0 52.000 18.53239 207.62833 0.012515 0.034162 
777.5 52.000 18.42325 207.88324 0.012817 0.035227 
780.0 52.000 18.35363 207.95792 0.013343 0.035082 
782.5 52.000 18.31302 208.05637 0.013827 0.037166 
785.0 52.000 18.31538 208.20628 0.014380 0.038682 
787.5 52.000 18.26726 208.39676 0.014546 0.040148 
790.0 52.000 18.27596 208.37581 0.015178 0.042297 
792.5 52.000 18.22053 208.28056 0.015127 0.042549 
795.0 52.000 18.19025 208.40308 0.015754 0.042625 
797.5 52.000 18.20143 208.38631 0.015556 0.044062 
800.0 52.000 18.13335 208.61235 0.015879 0.044943 
802.5 52.000 18.12693 208.75485 0.015963 0.045377 
805.0 52.000 18.20406 208.71643 0.016193 0.046794 
807.5 52.000 17.91207 208.54207 0.016344 0.047099 
810.0 52.000 17.87518 208.28261 0.016366 0.045585 
812.5 52.000 17.89597 208.61614 0.015923 0.045959 
815.0 52.000 17.79658 208.58353 0.015851 0.046340 
817.5 52.000 17.76628 208.40273 0.015636 0.045079 
820.0 52.000 17.55316 208.27687 0.014329 0.039615 
822.5 52.000 17.55520 207.93240 0.011825 0.033238 
825.0 52.000 17.55863 207.83791 0.009709 0.027895 
827.5 52.000 17.48674 207.66408 0.009634 0.028385 
830.0 52.000 17.46583 207.75748 0.010284 0.028923 
832.5 52.000 17.42873 207.95259 0.011568 0.033802 
835.0 52.000 17.40607 208.14362 0.012683 0.036485 
837.5 52.000 17.39651 208.31602 0.013597 0.039472 
840.0 52.000 17.48437 208.37863 0.014863 0.043745 
842.5 52.000 17.38002 208.66264 0.015890 0.046519 
845.0 52.000 17.38773 208.81241 0.018167 0.054739 
847.5 52.000 17.46776 208.73404 0.020822 0.062293 
850.0 52.000 17.35878 209.21919 0.022841 0.071386 
852.5 52.000 17.39537 209.40039 0.024457 0.077810 
855.0 52.000 17.39643 209.10759 0.025596 0.078566 
857.5 52.000 17.32914 208.76282 0.026693 0.084494 
860.0 52.000 17.53713 209.08185 0.028009 0.088244 
862.5 52.000 17.64078 208.53941 0.029074 0.094179 
865.0 52.000 17.27445 209.01233 0.028613 0.092954 
867.5 52.000 17.52203 209.34865 0.029764 0.098626 
870.0 52.000 17.53499 208.90479 0.028537 0.089890 
872.5 52.000 17.24196 208.86500 0.026260 0.084343 
875.0 52.000 17.16188 208.72876 0.024373 0.076371 
877.5 52.000 17.03660 208.66225 0.020678 0.064463 
880.0 52.000 17.00604 208.40491 0.016769 0.049701 
882.5 52.000 16.76865 207.84293 0.013345 0.040054 
885.0 52.000 16.80623 207.58722 0.012177 0.035851 
887.5 52.000 16.75008 207.84029 0.012722 0.038483 
890.0 52.000 16.90534 208.12799 0.014684 0.045382 
892.5 52.000 16.81912 208.62930 0.016473 0.050725 
895.0 52.000 16.80257 208.38766 0.017275 0.053855 
897.5 52.000 16.91265 208.41373 0.017772 0.054137 
900.0 52.000 16.81313 208.75873 0.019540 0.061966 
902.5 52.000 16.94996 208.40289 0.020994 0.067294 
905.0 52.000 16.83529 208.45560 0.020104 0.061864 
907.5 52.000 16.80996 208.49046 0.019499 0.059481 
910.0 52.000 16.69917 208.10739 0.021538 0.068862 
912.5 52.000 16.79605 208.27834 0.023279 0.074212 
915.0 52.000 16.66419 208.34135 0.023008 0.071873 
917.5 52.000 16.77881 208.63289 0.020774 0.066662 
920.0 52.000 16.76271 208.46568 0.021378 0.067998 
922.5 52.000 16.81802 208.36800 0.025168 0.080368 
925.0 52.000 16.99316 208.54880 0.029011 0.099329 
927.5 52.000 17.25028 208.37738 0.032150 0.112820 
930.0 52.000 17.39052 209.20399 0.035328 0.124093 
932.5 52.000 17.66792 209.54604 0.037429 0.133515 
935.0 52.000 17.76791 208.78259 0.039701 0.149002 
937.5 52.000 17.59991 208.88829 0.040005 0.154065 
940.0 52.000 17.80498 210.08369 0.042086 0.166437 
942.5 52.000 17.82562 209.58786 0.043013 0.178730 
945.0 52.000 18.33527 211.73604 0.047607 0.197615 
