WS2 Flake
VASEmethod[EllipsometerType=4, Isotropic, FixedPol=45.00, ZoneAve=1, Revs=400, OffsetMode=2, Offset1=0.11742, Offset2=0.23822, Offset3=-0.019523, WVASE=3.802, HardVer=17.034, Wed Sep 18 17:07:16 2019]
Original[s1_bulk_ws2_2d_semic_45deg_01.dat]
nm
365.0 55.000 24.38653 198.26787 0.021865 0.033529 
367.0 55.000 25.51991 199.79906 0.012842 0.019387 
369.0 55.000 23.72198 198.71075 0.010930 0.017323 
371.0 55.000 24.03327 198.86154 0.008762 0.013708 
373.0 55.000 23.98002 198.40451 0.007787 0.012093 
375.0 55.000 23.86929 199.22064 0.006831 0.011205 
377.0 55.000 24.16983 198.54611 0.006051 0.009183 
379.0 55.000 23.56879 199.17448 0.005514 0.008905 
381.0 55.000 23.41504 199.45953 0.005216 0.008480 
383.0 55.000 23.28297 199.82201 0.004869 0.007938 
385.0 55.000 23.51988 200.24648 0.004440 0.007362 
387.0 55.000 23.63170 199.94899 0.004468 0.007226 
389.0 55.000 23.54017 201.60590 0.004268 0.007356 
391.0 55.000 23.86212 202.23671 0.003657 0.006027 
393.0 55.000 23.19271 200.60678 0.004022 0.007286 
395.0 55.000 22.51710 200.85426 0.003747 0.006420 
397.0 55.000 23.28893 200.51302 0.003709 0.006044 
399.0 55.000 23.61037 201.65922 0.004428 0.007249 
401.0 55.000 22.75830 201.60304 0.004795 0.008390 
403.0 55.000 22.81977 201.60440 0.004883 0.008129 
405.0 55.000 22.76223 202.37489 0.004617 0.007919 
407.0 55.000 22.62195 202.52768 0.004741 0.007976 
409.0 55.000 22.75606 202.80180 0.004580 0.007879 
411.0 55.000 22.68244 202.52521 0.004432 0.007876 
413.0 55.000 22.56461 202.16576 0.004456 0.008116 
415.0 55.000 22.58450 202.64798 0.004502 0.008156 
417.0 55.000 22.95813 203.17123 0.004534 0.007980 
419.0 55.000 22.57632 203.02653 0.004245 0.007961 
421.0 55.000 22.40097 203.04001 0.004279 0.008185 
423.0 55.000 22.25739 203.26610 0.004133 0.008232 
425.0 55.000 21.89178 203.41391 0.004476 0.008252 
427.0 55.000 22.62658 203.47864 0.004493 0.007914 
429.0 55.000 22.04651 204.04315 0.004350 0.007882 
431.0 55.000 22.21950 203.86803 0.004372 0.007746 
433.0 55.000 22.12639 203.49222 0.004181 0.008025 
435.0 55.000 22.10024 204.06071 0.004242 0.008019 
437.0 55.000 22.02457 204.14226 0.004132 0.007879 
439.0 55.000 22.00421 203.34131 0.004096 0.007659 
441.0 55.000 22.69519 204.29747 0.010923 0.011062 
443.0 55.000 22.38352 204.11827 0.022504 0.015495 
445.0 55.000 22.24477 205.10257 0.010295 0.058047 
447.0 55.000 22.37128 202.72772 0.016587 0.058871 
449.0 55.000 21.08333 203.92452 0.030397 0.059630 
451.0 55.000 21.80827 205.23845 0.031362 0.023892 
453.0 55.000 21.78962 205.30920 0.026264 0.025979 
455.0 55.000 21.84197 205.28702 0.019328 0.027580 
457.0 55.000 22.09615 205.35944 0.019561 0.021507 
459.0 55.000 21.87217 205.72574 0.007629 0.052678 
461.0 55.000 21.80845 205.84517 0.017113 0.022927 
463.0 55.000 21.78989 205.56221 0.020310 0.025396 
465.0 55.000 21.85152 205.76119 0.019781 0.036985 
467.0 55.000 21.95243 205.80131 0.011139 0.029362 
469.0 55.000 21.67452 206.10226 0.019753 0.014756 
471.0 55.000 21.91989 206.01859 0.013941 0.022267 
473.0 55.000 21.72654 206.11652 0.008092 0.012871 
475.0 55.000 21.70557 206.27698 0.007270 0.013558 
477.0 55.000 21.65414 206.20572 0.007374 0.018802 
479.0 55.000 21.50975 206.47382 0.009279 0.015262 
481.0 55.000 21.45003 206.65169 0.006966 0.016905 
483.0 55.000 21.34228 206.87148 0.006970 0.015532 
485.0 55.000 21.25949 207.00830 0.006781 0.015377 
487.0 55.000 21.13411 207.14151 0.006189 0.016828 
489.0 55.000 21.04668 207.33026 0.006859 0.016701 
491.0 55.000 20.91227 207.64819 0.007458 0.013455 
493.0 55.000 20.93629 207.79346 0.006351 0.014715 
495.0 55.000 20.74831 208.03096 0.006683 0.015195 
497.0 55.000 20.66083 208.06259 0.007159 0.016155 
499.0 55.000 20.56770 208.32460 0.007030 0.016072 
501.0 55.000 20.48356 208.44000 0.007047 0.015384 
503.0 55.000 20.42206 208.56992 0.006717 0.017251 
505.0 55.000 20.32377 208.73045 0.007107 0.017089 
507.0 55.000 20.21216 209.03337 0.007059 0.016554 
509.0 55.000 20.12628 209.13661 0.007068 0.016453 
511.0 55.000 20.01215 209.38444 0.007469 0.015852 
513.0 55.000 20.00134 209.42209 0.007374 0.017351 
515.0 55.000 19.89092 209.58574 0.007212 0.017031 
517.0 55.000 19.84282 209.75760 0.007105 0.016282 
519.0 55.000 19.71237 209.99080 0.007363 0.014600 
521.0 55.000 19.75231 209.98328 0.006519 0.016436 
523.0 55.000 19.69632 210.08668 0.006836 0.016446 
525.0 55.000 19.66783 210.19928 0.006408 0.016614 
527.0 55.000 19.63371 210.29204 0.006339 0.016268 
529.0 55.000 19.68793 210.34219 0.006691 0.016104 
531.0 55.000 19.58295 210.56172 0.006458 0.016228 
533.0 55.000 19.61390 210.50450 0.006551 0.017053 
535.0 55.000 19.63403 210.55246 0.006769 0.017065 
537.0 55.000 19.59882 210.62326 0.007055 0.016575 
539.0 55.000 19.57877 210.63203 0.007214 0.016808 
541.0 55.000 19.56169 210.63464 0.007905 0.018323 
543.0 55.000 19.62843 210.74886 0.007186 0.016970 
545.0 55.000 19.63309 210.81047 0.007214 0.015021 
547.0 55.000 19.57217 210.85207 0.006927 0.016480 
549.0 55.000 19.59360 210.80994 0.006807 0.017468 
551.0 55.000 19.56785 210.87601 0.006921 0.016495 
553.0 55.000 19.53665 210.93123 0.006442 0.017626 
555.0 55.000 19.56983 210.88966 0.006744 0.019907 
557.0 55.000 19.60207 210.93820 0.007434 0.018357 
559.0 55.000 19.62120 210.94911 0.007157 0.019168 
561.0 55.000 19.58944 211.01680 0.006863 0.017860 
563.0 55.000 19.52437 211.17744 0.006997 0.019202 
565.0 55.000 19.58044 211.13214 0.007154 0.016824 
567.0 55.000 19.55023 211.15590 0.006827 0.020677 
569.0 55.000 19.58056 211.32892 0.006884 0.017790 
571.0 55.000 19.46063 211.29454 0.007681 0.016946 
573.0 55.000 19.51614 211.27655 0.006950 0.017347 
575.0 55.000 19.53500 211.34267 0.006704 0.016413 
577.0 55.000 19.42490 211.53787 0.007322 0.015985 
579.0 55.000 19.49716 211.54320 0.006521 0.019963 
581.0 55.000 19.40863 211.55605 0.007120 0.019044 
583.0 55.000 19.42033 211.61850 0.006398 0.016101 
585.0 55.000 19.33326 211.74146 0.007475 0.018075 
587.0 55.000 19.32445 211.75563 0.006863 0.018667 
589.0 55.000 19.26290 211.79578 0.006870 0.018999 
591.0 55.000 19.21369 211.80835 0.007287 0.018638 
593.0 55.000 19.10938 212.03940 0.007659 0.017376 
595.0 55.000 19.04379 212.02188 0.007128 0.019893 
597.0 55.000 19.04889 212.19257 0.006767 0.019551 
599.0 55.000 18.93983 212.24982 0.007090 0.019568 
601.0 55.000 19.00129 212.41895 0.006457 0.018794 
603.0 55.000 18.85098 212.54059 0.006936 0.019450 
605.0 55.000 18.78384 212.57542 0.007288 0.018805 
607.0 55.000 18.73881 212.72371 0.007285 0.018273 
609.0 55.000 18.66623 212.95157 0.006184 0.014618 
611.0 55.000 18.67008 213.02441 0.005784 0.016263 
613.0 55.000 18.55311 213.19716 0.005600 0.016097 
615.0 55.000 18.48763 213.30560 0.006013 0.016722 
617.0 55.000 18.47817 213.35129 0.005836 0.018080 
619.0 55.000 18.44777 213.23187 0.006452 0.020043 
621.0 55.000 18.32164 213.25485 0.007051 0.020222 
623.0 55.000 18.38432 213.25771 0.006077 0.018610 
625.0 55.000 18.31808 213.57054 0.006159 0.018999 
627.0 55.000 18.27530 213.69014 0.007039 0.021769 
629.0 55.000 18.20546 213.73614 0.007588 0.019094 
631.0 55.000 18.12363 214.10962 0.005746 0.028294 
633.0 55.000 18.09464 213.99648 0.007363 0.019704 
635.0 55.000 18.07292 214.10205 0.007286 0.021912 
637.0 55.000 17.99616 214.22363 0.007782 0.020528 
639.0 55.000 17.95266 214.34354 0.007111 0.020604 
641.0 55.000 17.87015 214.33398 0.006960 0.020864 
643.0 55.000 17.84852 214.49962 0.007279 0.020455 
645.0 55.000 17.83378 214.64662 0.007049 0.020389 
647.0 55.000 17.84779 214.56374 0.006803 0.019991 
649.0 55.000 17.79354 214.79594 0.006814 0.020206 
651.0 55.000 17.76758 214.73323 0.007517 0.021814 
653.0 55.000 17.73868 214.86490 0.007090 0.022653 
655.0 55.000 17.70360 215.01422 0.007513 0.022378 
657.0 55.000 17.63513 214.93614 0.007038 0.022799 
659.0 55.000 17.62769 215.05034 0.007133 0.022802 
661.0 55.000 17.54369 215.13829 0.007331 0.022642 
663.0 55.000 17.52564 215.30806 0.006979 0.024145 
665.0 55.000 17.45474 215.28725 0.007421 0.023130 
667.0 55.000 17.43263 215.40132 0.007426 0.022987 
669.0 55.000 17.40602 215.49509 0.007855 0.022184 
671.0 55.000 17.34606 215.41354 0.007589 0.022607 
673.0 55.000 17.31940 215.43410 0.007719 0.024199 
675.0 55.000 17.26587 215.42181 0.008110 0.024788 
677.0 55.000 17.23545 215.41432 0.007988 0.023811 
679.0 55.000 17.14101 215.28847 0.007858 0.025040 
681.0 55.000 17.16450 215.56650 0.008302 0.024772 
683.0 55.000 17.16811 215.66148 0.007497 0.024678 
685.0 55.000 17.17063 215.60582 0.007623 0.026140 
687.0 55.000 17.05381 215.67441 0.008142 0.025651 
689.0 55.000 17.00467 215.80733 0.007898 0.025518 
691.0 55.000 16.97559 215.80060 0.008329 0.025740 
693.0 55.000 16.93621 215.80638 0.008374 0.025634 
695.0 55.000 16.97861 216.04378 0.008430 0.026617 
697.0 55.000 16.95993 216.04161 0.008543 0.027557 
699.0 55.000 16.92176 216.09757 0.008872 0.026570 
701.0 55.000 16.96046 215.92454 0.009181 0.030031 
703.0 55.000 16.94038 215.82636 0.009884 0.030323 
705.0 55.000 16.89095 215.96674 0.009372 0.029026 
707.0 55.000 16.88174 216.02097 0.009796 0.029707 
709.0 55.000 16.83581 216.03165 0.009969 0.030125 
711.0 55.000 16.77176 216.01996 0.009684 0.031595 
713.0 55.000 16.81145 216.17963 0.009575 0.030276 
715.0 55.000 16.80848 216.29198 0.009925 0.031783 
717.0 55.000 16.74873 216.39548 0.009918 0.031191 
719.0 55.000 16.68026 216.36421 0.010037 0.032185 
721.0 55.000 16.64660 216.34828 0.010138 0.033044 
723.0 55.000 16.54442 216.46111 0.010199 0.034631 
725.0 55.000 16.52683 216.49716 0.010766 0.035061 
727.0 55.000 16.49313 216.71004 0.011255 0.036641 
729.0 55.000 16.38221 216.85434 0.010797 0.037349 
731.0 55.000 16.38737 216.78633 0.011151 0.037901 
733.0 55.000 16.34006 216.82411 0.011084 0.037921 
735.0 55.000 16.30013 217.07692 0.011238 0.039031 
737.0 55.000 16.27878 216.99274 0.011408 0.038195 
739.0 55.000 16.14012 217.09798 0.012051 0.041076 
741.0 55.000 16.19154 217.12177 0.011636 0.038901 
743.0 55.000 16.13741 217.31822 0.011978 0.042355 
745.0 55.000 16.06742 217.57263 0.012187 0.042336 
747.0 55.000 16.05719 217.29750 0.012368 0.043446 
749.0 55.000 15.92522 217.78685 0.012853 0.044185 
751.0 55.000 15.90357 217.58899 0.013158 0.044489 
753.0 55.000 15.94828 217.87318 0.013299 0.045441 
755.0 55.000 15.89421 217.93777 0.013384 0.046323 
757.0 55.000 15.84164 217.99573 0.013701 0.048704 
759.0 55.000 15.76571 218.38745 0.014385 0.048967 
761.0 55.000 15.82319 218.51733 0.014070 0.050317 
763.0 55.000 15.71417 218.26209 0.014185 0.051349 
765.0 55.000 15.70074 218.27411 0.013953 0.048969 
767.0 55.000 15.56079 218.49243 0.014159 0.049249 
769.0 55.000 15.63357 218.48738 0.014526 0.051800 
771.0 55.000 15.59698 219.06479 0.014728 0.052685 
773.0 55.000 15.62730 218.96410 0.015486 0.057413 
775.0 55.000 15.73671 219.03688 0.016162 0.059853 
777.0 55.000 15.55734 219.30846 0.016624 0.061986 
779.0 55.000 15.54795 219.66309 0.017002 0.063428 
781.0 55.000 15.54554 219.52049 0.017211 0.066810 
783.0 55.000 15.50312 219.49123 0.018286 0.069011 
785.0 55.000 15.55436 219.89220 0.018450 0.070421 
787.0 55.000 15.42364 220.34830 0.018346 0.072504 
789.0 55.000 15.31292 220.24577 0.019215 0.076515 
791.0 55.000 15.24588 219.98663 0.019606 0.077003 
793.0 55.000 15.30093 220.18637 0.019803 0.076989 
795.0 55.000 15.28531 220.42625 0.020337 0.078776 
797.0 55.000 15.21433 220.08232 0.020184 0.078877 
799.0 55.000 15.25439 219.83228 0.020672 0.082595 
801.0 55.000 15.14194 220.77802 0.020787 0.085788 
803.0 55.000 15.15552 220.81326 0.021321 0.087373 
805.0 55.000 15.14542 220.48723 0.021445 0.086362 
807.0 55.000 14.99275 220.38950 0.021566 0.087548 
809.0 55.000 14.94986 220.44601 0.021931 0.089370 
811.0 55.000 14.99383 220.76379 0.021242 0.087517 
813.0 55.000 14.78082 220.60879 0.021323 0.086112 
815.0 55.000 14.81827 221.13860 0.021602 0.089589 
817.0 55.000 14.75140 220.66818 0.020810 0.085846 
819.0 55.000 14.60355 220.52704 0.019540 0.081580 
821.0 55.000 14.54873 220.66656 0.017023 0.070707 
823.0 55.000 14.36629 219.94630 0.014112 0.057489 
825.0 55.000 14.22804 219.14137 0.012187 0.047954 
827.0 55.000 14.23844 219.63307 0.011574 0.047214 
829.0 55.000 14.23692 219.42073 0.012499 0.049786 
831.0 55.000 14.19481 219.96072 0.013371 0.055317 
833.0 55.000 14.23131 220.62907 0.015515 0.062659 
835.0 55.000 14.27008 220.60535 0.016048 0.067093 
837.0 55.000 14.30692 220.55093 0.016946 0.069906 
839.0 55.000 14.26304 220.88811 0.018520 0.081647 
841.0 55.000 14.14786 221.29134 0.020096 0.087140 
843.0 55.000 14.33241 221.71085 0.021263 0.096489 
845.0 55.000 14.30066 221.01535 0.023314 0.100863 
847.0 55.000 14.48478 221.48726 0.025631 0.115347 
849.0 55.000 14.75403 221.97270 0.027460 0.126269 
851.0 55.000 14.75886 221.62335 0.030272 0.140882 
853.0 55.000 14.90430 222.70326 0.031561 0.153097 
855.0 55.000 14.78667 222.58754 0.032319 0.160315 
857.0 55.000 15.10352 223.35835 0.033921 0.165067 
859.0 55.000 15.13664 222.85588 0.035063 0.173673 
861.0 55.000 15.12650 222.21999 0.036131 0.179626 
863.0 55.000 15.23487 222.81322 0.035925 0.175062 
865.0 55.000 15.14296 223.07289 0.036995 0.185300 
867.0 55.000 15.37194 223.36841 0.037442 0.187611 
869.0 55.000 15.20856 222.52094 0.036036 0.187302 
871.0 55.000 14.92807 220.48840 0.035065 0.168314 
873.0 55.000 14.81407 222.45383 0.032629 0.158995 
875.0 55.000 14.53217 223.47824 0.031645 0.149336 
877.0 55.000 14.94901 221.72879 0.029091 0.122589 
879.0 55.000 13.87943 220.84396 0.024209 0.110782 
881.0 55.000 13.78505 220.68996 0.020227 0.089482 
883.0 55.000 13.63190 219.98006 0.017026 0.075808 
885.0 55.000 13.52810 220.06392 0.015510 0.068418 
887.0 55.000 13.66395 220.22757 0.015755 0.070553 
889.0 55.000 13.77789 220.13855 0.018286 0.078747 
891.0 55.000 13.80274 220.56959 0.020313 0.092641 
893.0 55.000 13.75190 220.64327 0.022309 0.103291 
895.0 55.000 13.73364 220.77341 0.022647 0.108633 
897.0 55.000 13.74989 220.62617 0.024070 0.113027 
899.0 55.000 13.97429 221.43306 0.024589 0.114427 
