WS2 Flake
VASEmethod[EllipsometerType=4, Isotropic, FixedPol=45.00, ZoneAve=1, Revs=400, OffsetMode=2, Offset1=0.11742, Offset2=0.23822, Offset3=-0.019523, WVASE=3.802, HardVer=17.034, Wed Sep 18 17:07:16 2019]
Original[s1_bulk_ws2_2d_semic_45deg_01.dat]
nm
365	52	27.19712	194.50363	0.01162	0.01632
367.5	52	27.08395	194.47729	0.00721	0.01063
370	52	27.17385	194.0032	0.0066	0.00817
372.5	52	27.0706	195.87184	0.00498	0.0067
375	52	26.95301	194.12878	0.00424	0.00588
377.5	52	26.91805	195.37542	0.00353	0.00516
380	52	26.8426	195.21544	0.00324	0.0045
382.5	52	26.80354	194.66205	0.00308	0.0044
385	52	26.69897	195.82661	0.00295	0.00418
387.5	52	26.65529	194.91316	0.00265	0.00427
390	52	26.66268	195.96625	0.0038	0.00404
392.5	52	26.53775	196.7397	0.00283	0.0063
395	52	26.43704	195.90036	0.00261	0.0037
397.5	52	26.4161	196.14739	0.00302	0.00428
400	52	26.32062	195.89936	0.0035	0.0048
402.5	52	26.21331	197.32399	0.00371	0.00537
405	52	26.22157	196.88922	0.00327	0.00501
407.5	52	26.24201	197.34003	0.00307	0.00479
410	52	26.0655	197.52418	0.00364	0.00547
412.5	52	26.09222	197.34285	0.00317	0.00512
415	52	25.99959	197.37419	0.00314	0.00588
417.5	52	25.97348	197.45393	0.00335	0.00513
420	52	25.90441	197.8303	0.00314	0.00543
422.5	52	25.82031	197.67227	0.00312	0.00581
425	52	25.7831	197.92208	0.00317	0.0057
427.5	52	25.70709	197.97556	0.00312	0.00556
430	52	25.64974	198.63109	0.00367	0.00496
432.5	52	25.6128	198.27703	0.00322	0.0057
435	52	25.59309	198.60823	0.00316	0.00533
437.5	52	25.54078	198.54223	0.00348	0.00469
440	52	25.47064	198.55313	0.00302	0.00626
442.5	52	25.42558	198.79209	0.00354	0.00482
445	52	25.35882	198.70029	0.00301	0.00596
447.5	52	25.36412	198.97113	0.00314	0.00612
450	52	25.30759	199.19169	0.00485	0.00834
452.5	52	25.19631	199.24625	0.00467	0.00858
455	52	25.19334	199.30307	0.00459	0.0087
457.5	52	25.14751	199.41063	0.0047	0.00901
460	52	25.07994	199.52507	0.00478	0.00866
462.5	52	25.04012	199.6123	0.00485	0.00928
465	52	25.00234	199.72759	0.00485	0.00858
467.5	52	24.97407	199.70783	0.00503	0.00838
470	52	24.93353	199.85228	0.00466	0.00828
472.5	52	24.88262	199.99598	0.00459	0.0086
475	52	24.78899	200.13697	0.00435	0.00796
477.5	52	24.74048	200.2575	0.00411	0.0082
480	52	24.69896	200.36571	0.00459	0.00845
482.5	52	24.63961	200.51997	0.00438	0.00794
485	52	24.59624	200.62312	0.00438	0.00833
487.5	52	24.55648	200.75568	0.0046	0.00786
490	52	24.52422	200.9928	0.00468	0.00798
492.5	52	24.4407	201.10706	0.00421	0.00833
495	52	24.38973	201.26549	0.00439	0.00795
497.5	52	24.41067	201.43562	0.00534	0.00793
500	52	24.33227	201.55903	0.00431	0.00744
502.5	52	24.26851	201.75293	0.00458	0.00811
505	52	24.21013	201.90731	0.00463	0.00799
507.5	52	24.1949	202.09994	0.0043	0.00807
510	52	24.19644	202.17448	0.00428	0.00862
512.5	52	24.10173	202.26849	0.00467	0.00806
515	52	24.06007	202.34648	0.00474	0.00831
517.5	52	24.03712	202.52142	0.00609	0.00765
520	52	24.00212	202.56346	0.00427	0.00971
522.5	52	23.92919	202.75619	0.00425	0.00939
525	52	23.87727	202.74532	0.00519	0.00829
527.5	52	23.81988	202.89729	0.0043	0.00873
530	52	23.79051	202.94601	0.00453	0.00813
532.5	52	23.76941	202.94697	0.0044	0.00984
535	52	23.74301	202.99603	0.00452	0.00888
537.5	52	23.64548	203.03016	0.00432	0.00976
540	52	23.61637	203.04795	0.00474	0.01008
542.5	52	23.62462	203.15127	0.00457	0.01001
545	52	23.57167	203.15413	0.00488	0.00927
547.5	52	23.50678	203.37366	0.00475	0.00894
550	52	23.48847	203.37213	0.0043	0.00918
552.5	52	23.41358	203.39982	0.00452	0.00954
555	52	23.32907	203.43448	0.00469	0.00945
557.5	52	23.3344	203.51141	0.00494	0.01034
560	52	23.30762	203.62993	0.00614	0.01045
562.5	52	23.26656	203.62289	0.00428	0.00876
565	52	23.22646	203.58985	0.0044	0.01567
567.5	52	23.14742	203.76464	0.006	0.01107
570	52	23.12316	203.86742	0.00487	0.01172
572.5	52	23.09808	203.90583	0.00552	0.01209
575	52	23.07194	203.86366	0.00483	0.01416
577.5	52	23.04723	203.9334	0.00552	0.01429
580	52	22.96459	204.11702	0.0043	0.01714
582.5	52	22.86553	204.10264	0.00754	0.01405
585	52	22.85719	204.15765	0.00551	0.01444
587.5	52	22.83303	204.31459	0.00539	0.01517
590	52	22.79832	204.35382	0.00619	0.01536
592.5	52	22.69437	204.36646	0.00641	0.01476
595	52	22.70088	204.4953	0.00598	0.01764
597.5	52	22.64649	204.58525	0.0062	0.01598
600	52	22.6076	204.77977	0.00694	0.01125
602.5	52	22.57966	204.76217	0.00614	0.01382
605	52	22.54312	204.9423	0.00571	0.01248
607.5	52	22.52725	204.94198	0.00506	0.01248
610	52	22.47673	205.08727	0.00569	0.00921
612.5	52	22.46648	205.13739	0.0051	0.01174
615	52	22.41306	205.18654	0.00497	0.01132
617.5	52	22.33927	205.21585	0.00453	0.01237
620	52	22.28247	205.27352	0.00511	0.0127
622.5	52	22.26109	205.34113	0.00495	0.01286
625	52	22.23611	205.4588	0.00525	0.01689
627.5	52	22.17935	205.59452	0.00574	0.01125
630	52	22.1717	205.74024	0.00535	0.01173
632.5	52	22.08517	205.62278	0.00514	0.01366
635	52	22.08917	205.82597	0.00559	0.01196
637.5	52	22.04073	205.95101	0.00531	0.01293
640	52	21.99871	205.93121	0.00503	0.01326
642.5	52	21.99603	206.08654	0.00521	0.0133
645	52	21.97836	206.03316	0.00535	0.01454
647.5	52	21.92606	206.0849	0.00613	0.01487
650	52	21.90402	206.1919	0.00583	0.01483
652.5	52	21.89409	206.27837	0.00568	0.01591
655	52	21.81338	206.40911	0.00512	0.01401
657.5	52	21.72276	206.40101	0.0072	0.01249
660	52	21.70516	206.4124	0.00581	0.01405
662.5	52	21.73474	206.51496	0.00539	0.01378
665	52	21.69637	206.55024	0.0063	0.01385
667.5	52	21.62753	206.67867	0.00541	0.01345
670	52	21.62764	206.67043	0.00579	0.01526
672.5	52	21.56854	206.65225	0.0056	0.01389
675	52	21.5329	206.70915	0.00595	0.01825
677.5	52	21.53485	206.75102	0.007	0.0212
680	52	21.4817	206.80192	0.00621	0.01289
682.5	52	21.45367	206.78706	0.00633	0.01522
685	52	21.40622	206.8955	0.00603	0.01545
687.5	52	21.31562	206.78127	0.00632	0.01604
690	52	21.29285	206.94572	0.00572	0.0135
692.5	52	21.24709	206.72595	0.00648	0.01961
695	52	21.2443	206.85557	0.00628	0.01556
697.5	52	21.2201	206.76175	0.00663	0.01977
700	52	21.16759	206.87889	0.0064	0.01898
702.5	52	21.13867	206.97958	0.00718	0.02009
705	52	21.18284	207.01418	0.00762	0.01873
707.5	52	21.09232	207.06226	0.0076	0.01943
710	52	21.07509	207.07683	0.00809	0.02019
712.5	52	20.9902	207.13239	0.0075	0.02131
715	52	20.93287	207.117	0.00772	0.0207
717.5	52	20.93625	207.13228	0.00791	0.02153
720	52	20.91565	207.17316	0.00756	0.0229
722.5	52	20.86945	207.09182	0.00843	0.02277
725	52	20.84621	207.04122	0.00863	0.02323
727.5	52	20.75104	207.19302	0.00858	0.02355
730	52	20.74143	207.26824	0.00866	0.02345
732.5	52	20.71002	207.3057	0.00885	0.02478
735	52	20.65517	207.23771	0.00911	0.02455
737.5	52	20.70413	207.3898	0.00887	0.02473
740	52	20.64905	207.39342	0.00929	0.02364
742.5	52	20.60924	207.46148	0.0091	0.02506
745	52	20.53257	207.421	0.0094	0.02539
747.5	52	20.53895	207.41146	0.00928	0.0263
750	52	20.48591	207.58543	0.00975	0.02642
752.5	52	20.43059	207.51096	0.01	0.02731
755	52	20.40675	207.64139	0.01009	0.02662
757.5	52	20.40259	207.62791	0.00987	0.02747
760	52	20.4027	207.7134	0.00961	0.02803
762.5	52	20.31776	207.55073	0.00998	0.0294
765	52	20.27028	207.75806	0.01003	0.02935
767.5	52	20.20179	207.79966	0.01033	0.02906
770	52	20.13682	207.63147	0.01044	0.02996
772.5	52	20.09499	207.96844	0.01115	0.03166
775	52	20.12521	207.85316	0.01159	0.03287
777.5	52	20.14407	208.1027	0.01157	0.0337
780	52	20.02509	208.18961	0.01195	0.03309
782.5	52	19.97028	208.26735	0.01272	0.03422
785	52	19.97969	208.40262	0.01275	0.03575
787.5	52	19.90935	208.57195	0.01322	0.03644
790	52	19.94083	208.58054	0.0136	0.03717
792.5	52	19.93723	208.46693	0.01365	0.03844
795	52	19.88133	208.58729	0.01378	0.0394
797.5	52	19.78938	208.57037	0.01409	0.03999
800	52	19.79793	208.80064	0.0137	0.03983
802.5	52	19.80069	208.92574	0.01438	0.04124
805	52	19.88378	208.90048	0.01433	0.04151
807.5	52	19.75794	208.73785	0.01451	0.0412
810	52	19.67921	208.51263	0.01387	0.04177
812.5	52	19.74457	208.82983	0.01388	0.04069
815	52	19.66879	208.78763	0.01382	0.04042
817.5	52	19.61957	208.65356	0.01362	0.04009
820	52	19.53968	208.53748	0.0124	0.03809
822.5	52	19.49563	208.2506	0.01073	0.03072
825	52	19.55436	208.18302	0.0087	0.02717
827.5	52	19.46813	208.0328	0.00907	0.02776
830	52	19.41382	208.10233	0.00944	0.02857
832.5	52	19.39117	208.27263	0.01036	0.0315
835	52	19.37676	208.42841	0.01139	0.03328
837.5	52	19.28428	208.6073	0.01209	0.03607
840	52	19.30237	208.65028	0.01342	0.04081
842.5	52	19.26675	208.88073	0.01402	0.04337
845	52	19.24685	209.02582	0.01564	0.04891
847.5	52	19.26593	208.97651	0.01801	0.05608
850	52	19.10797	209.4398	0.0201	0.0619
852.5	52	19.14761	209.58893	0.02092	0.06951
855	52	19.08257	209.3219	0.02247	0.07313
857.5	52	19.0928	208.97959	0.02307	0.07603
860	52	19.14355	209.32541	0.02331	0.07878
862.5	52	19.10308	208.81218	0.02493	0.08014
865	52	18.92427	209.21547	0.02502	0.08178
867.5	52	18.86041	209.602	0.02577	0.08236
870	52	19.00364	209.1589	0.02493	0.08253
872.5	52	18.91623	209.15507	0.02291	0.07535
875	52	18.88018	209.0015	0.0217	0.06892
877.5	52	18.88982	208.96244	0.01866	0.05837
880	52	18.82874	208.7499	0.0147	0.0456
882.5	52	18.82331	208.24407	0.01196	0.0384
885	52	18.81897	208.02056	0.01069	0.03397
887.5	52	18.77386	208.26622	0.01174	0.0359
890	52	18.80247	208.50795	0.0131	0.04185
892.5	52	18.71079	208.9816	0.01461	0.0473
895	52	18.72067	208.77255	0.01532	0.05031
897.5	52	18.81303	208.77834	0.0155	0.0513
900	52	18.77766	209.05723	0.01716	0.0577
902.5	52	18.7417	208.76442	0.01843	0.06218
905	52	18.56676	208.85849	0.01801	0.05585
907.5	52	18.61731	208.8547	0.01717	0.0556
910	52	18.45654	208.51403	0.01946	0.06141
912.5	52	18.47434	208.6491	0.02079	0.06743
915	52	18.42742	208.7632	0.01985	0.06618
917.5	52	18.45349	209.02382	0.01874	0.05956
920	52	18.40916	208.87293	0.01914	0.06215
922.5	52	18.47881	208.79721	0.02219	0.07495
925	52	18.41705	208.94059	0.02644	0.08887
927.5	52	18.3861	208.75517	0.02923	0.10241
930	52	18.23716	209.5247	0.03247	0.12105
932.5	52	18.39154	209.90501	0.0341	0.12641
935	52	18.23816	209.10689	0.03627	0.13947
937.5	52	18.06533	209.24832	0.03703	0.14549
940	52	18.17538	210.34406	0.03991	0.15462
942.5	52	18.08102	209.96638	0.03979	0.15642
945	52	18.01027	211.8688	0.04245	0.17917
